   -0.0114064242
   -0.0143128238
   -0.0104967356
   -0.0072051123
   -0.0076123775
   -0.0127952621
   -0.0116571956
   -0.0067641517
   -0.0027130497
   -0.0008321852
   -0.0011544279
   -0.0048040109
   -0.0004549075
    0.0037792757
    0.0068203969
    0.0050984351
    0.0090937214
    0.0148020141
    0.0147157069
    0.0208097003
    0.0236347142
    0.0208184786
    0.0146425328
    0.0050337071
    0.0088635260
    0.0143414700
   -0.0048860170
   -0.0006683847
    0.0034460903
    0.0073239029
    0.0063904767
   -0.0117898787
   -0.0070017950
   -0.0030307276
   -0.0011876202
   -0.0015014518
   -0.0144502443
   -0.0107292457
   -0.0074816165
   -0.0078402386
   -0.0128580063
   -0.0115918395
   -0.0132171442
   -0.0115039196
   -0.0108547474
   -0.0138704764
   -0.0141958126
   -0.0131562198
   -0.0140075636
   -0.0092833618
   -0.0061326795
   -0.0063093401
   -0.0092864109
   -0.0090061947
   -0.0145152957
   -0.0062553238
   -0.0011041088
    0.0002675145
   -0.0020911413
   -0.0136769700
    0.0054628655
   -0.0124677034
    0.0136872216
   -0.0099904272
    0.0234532172
    0.0135076908
    0.0053242476
   -0.0126362538
   -0.0062865342
    0.0002904703
   -0.0021449191
   -0.0055066602
   -0.0138652193
   -0.0093247404
   -0.0061012925
   -0.0062721477
   -0.0092742122
   -0.0090881152
   -0.0146954575
   -0.0115233689
   -0.0108058162
   -0.0137986910
   -0.0141435360
   -0.0132163259
   -0.0141172994
   -0.0131933693
   -0.0190828127
   -0.0228158318
   -0.0183280312
   -0.0149668920
   -0.0146759307
   -0.0186842377
   -0.0231765337
   -0.0262046304
   -0.0207754353
   -0.0080923803
   -0.0216309763
   -0.0268279050
   -0.0287779496
   -0.0292305765
   -0.0226164025
   -0.0233306889
   -0.0298395200
   -0.0334688975
   -0.0332373973
   -0.0317589694
   -0.0233553877
   -0.0201337750
   -0.0296094374
   -0.0360359497
   -0.0386436925
   -0.0371252338
   -0.0336531747
   -0.0240537280
   -0.0150460171
   -0.0274465945
   -0.0362570385
   -0.0413885127
   -0.0426314363
   -0.0399708240
   -0.0348298044
   -0.0241300340
   -0.0186206002
   -0.0313456508
   -0.0399046656
   -0.0445225622
   -0.0451600507
   -0.0418684518
   -0.0352589723
   -0.0243001885
   -0.0210027236
   -0.0333260151
   -0.0414759307
   -0.0457087085
   -0.0460256497
   -0.0424924897
   -0.0349314906
   -0.0242324406
   -0.0186638330
   -0.0314102013
   -0.0399863963
   -0.0446162537
   -0.0452604550
   -0.0419709677
   -0.0338407906
   -0.0242390540
   -0.0151164427
   -0.0275563352
   -0.0364017846
   -0.0415587133
   -0.0428164204
   -0.0401606989
   -0.0320056154
   -0.0235925816
   -0.0202506696
   -0.0297773470
   -0.0362477545
   -0.0388834559
   -0.0373756525
   -0.0295055970
   -0.0228733148
   -0.0234971769
   -0.0300583793
   -0.0337289746
   -0.0335162495
   -0.0264817739
   -0.0210249022
   -0.0084825519
   -0.0218275250
   -0.0270684514
   -0.0290539407
   -0.0230810615
   -0.0185654637
   -0.0152190748
   -0.0149660759
   -0.0189280440
   -0.0234298242
   -0.0193419764
   -0.0082185805
   -0.0129161653
   -0.0099710620
   -0.0046568720
   -0.0044392017
   -0.0087123476
    0.0010955702
    0.0012364414
   -0.0015911157
   -0.0077831444
   -0.0154676069
    0.0085419624
    0.0088826985
    0.0025397492
   -0.0052954300
   -0.0151678675
   -0.0095593393
   -0.0095724374
    0.0084666149
    0.0089214609
    0.0026397273
   -0.0052771527
   -0.0152944339
    0.0010124842
    0.0012199182
   -0.0015835666
   -0.0078337805
   -0.0156546255
   -0.0131349240
   -0.0102137342
   -0.0047631756
   -0.0045065856
   -0.0088176374
   -0.0083607903
   -0.0072415540
   -0.0075716058
   -0.0073540626
   -0.0065566383
   -0.0066097285
   -0.0064124164
   -0.0068872021
   -0.0076157562
   -0.0082360159
   -0.0074389018
   -0.0054605578
   -0.0045683661
   -0.0051025492
   -0.0056612355
   -0.0052563227
   -0.0044111127
   -0.0044819826
   -0.0058088992
   -0.0070240977
   -0.0073132230
   -0.0090922207
   -0.0098753687
   -0.0072995490
   -0.0035703944
   -0.0013894371
   -0.0014565492
   -0.0028417408
   -0.0041472212
   -0.0043561538
   -0.0032818158
   -0.0016142642
   -0.0005722565
   -0.0012161212
   -0.0035056628
   -0.0059535752
   -0.0069495286
   -0.0059534565
    0.0029900269
    0.0035678485
    0.0022121995
   -0.0000071611
   -0.0020141862
   -0.0029840739
   -0.0025305812
   -0.0007897913
    0.0016330709
    0.0038285936
    0.0048140677
    0.0038869240
    0.0099848572
    0.0084811388
    0.0059392543
    0.0030326469
    0.0004641333
   -0.0011652210
   -0.0014746506
   -0.0003779521
    0.0019068697
    0.0049128412
    0.0080247997
    0.0105976349
    0.0120876887
    0.0170703704
    0.0136753288
    0.0101151608
    0.0064962750
    0.0032628977
    0.0009157031
   -0.0001513248
    0.0002528037
    0.0020779326
    0.0050508163
    0.0087435121
    0.0126835833
    0.0165126649
    0.0202701913
    0.0214500947
    0.0164021191
    0.0119910457
    0.0079077892
    0.0044334687
    0.0019748082
    0.0008670718
    0.0012756942
    0.0031595356
    0.0062862469
    0.0102957786
    0.0148143668
    0.0196560518
    0.0253227277
    0.0204008910
    0.0152502219
    0.0107030060
    0.0067211712
    0.0036293624
    0.0017824987
    0.0014204825
    0.0026029352
    0.0051990056
    0.0089254082
    0.0134332700
    0.0184651083
    0.0242062150
    0.0203398602
    0.0152007796
    0.0106610310
    0.0066855021
    0.0035999652
    0.0017597815
    0.0014049872
    0.0025952079
    0.0051996059
    0.0089351130
    0.0134536965
    0.0185005659
    0.0242704286
    0.0212465925
    0.0162445042
    0.0118593618
    0.0077956044
    0.0043394441
    0.0018996986
    0.0008123900
    0.0012430780
    0.0031505481
    0.0063026372
    0.0103405461
    0.0148948078
    0.0197933197
    0.0255897671
    0.0167626089
    0.0134313340
    0.0099108467
    0.0063225472
    0.0031178874
    0.0008008137
   -0.0002335092
    0.0002059975
    0.0020688734
    0.0050819271
    0.0088188786
    0.0128134389
    0.0167264206
    0.0206590195
    0.0096563317
    0.0082046440
    0.0057037816
    0.0028338961
    0.0003030280
   -0.0012852637
   -0.0015497441
   -0.0004048926
    0.0019303486
    0.0049889648
    0.0081585617
    0.0108036851
    0.0124061053
    0.0026739820
    0.0032866542
    0.0019702250
   -0.0002075528
   -0.0021678843
   -0.0030848230
   -0.0025734296
   -0.0007726696
    0.0017090453
    0.0039600936
    0.0049979950
    0.0041257173
   -0.0072559439
   -0.0090531309
   -0.0099562127
   -0.0074882932
   -0.0038091853
   -0.0016302938
   -0.0016721413
   -0.0030165144
   -0.0042688417
   -0.0044155568
   -0.0032764806
   -0.0015510308
   -0.0004690575
   -0.0011008545
   -0.0034081855
   -0.0059026357
   -0.0069302959
   -0.0075913834
   -0.0082527140
   -0.0075411189
   -0.0056173024
   -0.0047293877
   -0.0052309846
   -0.0057340210
   -0.0052657016
   -0.0043701438
   -0.0044243626
   -0.0057696113
   -0.0070035020
   -0.0075719829
   -0.0074103952
   -0.0066449194
   -0.0066590453
   -0.0064065232
   -0.0068703292
   -0.0072661718
    0.0081517964
    0.0107014957
    0.0084617144
    0.0133496690
    0.0160402880
    0.0166708450
    0.0154974328
    0.0131765304
    0.0154786995
    0.0182651133
    0.0201832093
    0.0210796805
    0.0209436902
    0.0199947524
    0.0188479810
    0.0189315689
    0.0204884847
    0.0221880085
    0.0234524793
    0.0240217254
    0.0238583438
    0.0231545111
    0.0224843073
    0.0233211497
    0.0217382733
    0.0219529187
    0.0231825201
    0.0244262742
    0.0252411969
    0.0254622705
    0.0251203917
    0.0244741223
    0.0242137972
    0.0261515534
    0.0217662091
    0.0219511737
    0.0231691054
    0.0244074393
    0.0252191951
    0.0254377094
    0.0250930468
    0.0244432230
    0.0241782457
    0.0261111328
    0.0189605024
    0.0204609110
    0.0221368031
    0.0233892989
    0.0239502263
    0.0237785511
    0.0230643722
    0.0223806131
    0.0232030738
    0.0154355600
    0.0181794821
    0.0200766791
    0.0209589807
    0.0208086160
    0.0198414485
    0.0186722914
    0.0083538916
    0.0132060973
    0.0158753448
    0.0164857809
    0.0152865908
    0.0129397284
    0.0079344649
    0.0104631013
    0.0013042007
    0.0033708744
    0.0043753263
    0.0076952660
    0.0086522533
    0.0073561189
   -0.0010401113
    0.0068593528
    0.0104159202
    0.0123361318
    0.0128958286
    0.0124214819
    0.0112012685
   -0.0057614262
    0.0014546265
    0.0085846940
    0.0122813027
    0.0145159357
    0.0155985751
    0.0158916924
    0.0159127020
    0.0164775124
   -0.0048756524
    0.0030562337
    0.0094646305
    0.0131501068
    0.0154880514
    0.0167761725
    0.0173386045
    0.0176451264
    0.0185049804
    0.0216295959
   -0.0038872571
    0.0040310048
    0.0094620455
    0.0131492703
    0.0154868763
    0.0167727540
    0.0173301313
    0.0176260672
    0.0184623333
    0.0215262807
   -0.0039094355
    0.0040229800
    0.0085774924
    0.0122789245
    0.0145117093
    0.0155859664
    0.0158602968
    0.0158410190
    0.0163134527
   -0.0049424897
    0.0030326791
    0.0068492509
    0.0104122130
    0.0123270274
    0.0128685282
    0.0123546394
    0.0110530627
   -0.0058621196
    0.0014192405
    0.0043653404
    0.0076901983
    0.0086321247
    0.0072985142
   -0.0010831371
    0.0012987220
    0.0033635477
    0.0101288079
    0.0063625420
    0.0155276436
    0.0152873498
    0.0132248328
    0.0088455800
    0.0022379439
    0.0207196149
    0.0200414617
    0.0196052762
    0.0184446318
    0.0160134598
    0.0119492576
    0.0059605201
   -0.0021054317
    0.0243817803
    0.0230519487
    0.0223467798
    0.0212348046
    0.0191813738
    0.0158314522
    0.0108491544
    0.0037683843
   -0.0061355337
    0.0269369624
    0.0248391795
    0.0239684160
    0.0230646535
    0.0215267109
    0.0189951467
    0.0151754501
    0.0097087024
    0.0019717683
   -0.0092309832
    0.0268842507
    0.0248181092
    0.0239607692
    0.0230635011
    0.0215290134
    0.0189993365
    0.0151804035
    0.0097129588
    0.0019720787
   -0.0092441958
    0.0242605910
    0.0230050221
    0.0223321929
    0.0212360337
    0.0191909310
    0.0158450549
    0.0108626794
    0.0037741236
   -0.0061587183
    0.0205224695
    0.0199651617
    0.0195825245
    0.0184476340
    0.0160293554
    0.0119699966
    0.0059763269
   -0.0021164401
    0.0154505330
    0.0152719944
    0.0132369742
    0.0088661269
    0.0022442567
    0.0101051171
    0.0063650311
   -0.0095240313
   -0.0114119987
   -0.0084590066
   -0.0063737707
   -0.0112291906
   -0.0095059028
   -0.0059192234
   -0.0031492074
   -0.0020019746
   -0.0026347782
   -0.0052861537
   -0.0019309568
    0.0009455001
    0.0029035789
    0.0034895622
    0.0027935961
    0.0008082760
    0.0036869032
    0.0066161320
    0.0084919156
    0.0076635453
    0.0173642205
    0.0187114839
    0.0173448292
    0.0075975861
    0.0007300958
    0.0035196214
    0.0063621890
    0.0081398597
   -0.0053977480
   -0.0021113057
    0.0006995133
    0.0026061398
    0.0031704261
    0.0024766401
   -0.0096460227
   -0.0061136005
   -0.0033916436
   -0.0022692693
   -0.0028966569
   -0.0115486875
   -0.0086469844
   -0.0065890178
   -0.0113217721
   -0.0096808254
   -0.0117126844
   -0.0107900027
   -0.0097404706
   -0.0114732053
   -0.0123384889
   -0.0124016326
   -0.0128923670
   -0.0095893603
   -0.0069436357
   -0.0065399752
   -0.0081900959
   -0.0134629645
   -0.0079889946
   -0.0041952220
   -0.0023089790
   -0.0022303114
   -0.0034909047
   -0.0132215188
   -0.0058468717
    0.0029027156
    0.0017592530
   -0.0125684472
    0.0073209227
   -0.0115041152
    0.0128341712
    0.0126742673
    0.0071970084
   -0.0116437684
   -0.0058982343
    0.0028869405
    0.0016766945
   -0.0127374841
   -0.0080564375
   -0.0042000684
   -0.0022962360
   -0.0022351146
   -0.0035333604
   -0.0133992278
   -0.0096559816
   -0.0069536420
   -0.0065368195
   -0.0081936246
   -0.0136269905
   -0.0108382758
   -0.0097366274
   -0.0114486265
   -0.0123250797
   -0.0124711739
   -0.0130026967
   -0.0117298214
   -0.0158884938
   -0.0181676874
   -0.0156423994
   -0.0137463325
   -0.0133785855
   -0.0154906347
   -0.0182406769
   -0.0202593307
   -0.0171453762
   -0.0105164448
   -0.0172245405
   -0.0204431732
   -0.0217289174
   -0.0221307459
   -0.0182483083
   -0.0183351690
   -0.0223247412
   -0.0246140502
   -0.0245270079
   -0.0237250200
   -0.0188979812
   -0.0178291475
   -0.0230864083
   -0.0266427899
   -0.0279822070
   -0.0269424465
   -0.0249899096
   -0.0191963136
   -0.0150872162
   -0.0220917129
   -0.0272086701
   -0.0301416338
   -0.0307204127
   -0.0289437292
   -0.0258971055
   -0.0192657665
   -0.0185959632
   -0.0256316851
   -0.0303665963
   -0.0327575137
   -0.0327685618
   -0.0304416672
   -0.0264457912
   -0.0192719488
   -0.0117268758
   -0.0212438116
   -0.0280299183
   -0.0323983144
   -0.0343956436
   -0.0340337647
   -0.0313603716
   -0.0266483842
   -0.0193639811
   -0.0134537886
   -0.0226380634
   -0.0291226747
   -0.0332187468
   -0.0349869787
   -0.0344499085
   -0.0316537084
   -0.0265095533
   -0.0193362345
   -0.0117495235
   -0.0212797950
   -0.0280765098
   -0.0324528275
   -0.0344555149
   -0.0340966409
   -0.0314242874
   -0.0260168534
   -0.0193845373
   -0.0186572929
   -0.0257150218
   -0.0304667628
   -0.0328692595
   -0.0328868972
   -0.0305622395
   -0.0251519170
   -0.0193531326
   -0.0151573466
   -0.0221946112
   -0.0273383908
   -0.0302905396
   -0.0308805956
   -0.0291078162
   -0.0239125734
   -0.0190741608
   -0.0179314158
   -0.0232244338
   -0.0268091457
   -0.0281663914
   -0.0271333946
   -0.0223274248
   -0.0184264109
   -0.0184613972
   -0.0224863658
   -0.0248023919
   -0.0247274529
   -0.0204520602
   -0.0173112955
   -0.0106943633
   -0.0173667078
   -0.0206157446
   -0.0219231265
   -0.0183492591
   -0.0157942899
   -0.0138928087
   -0.0135505307
   -0.0156530164
   -0.0184172560
   -0.0160595686
   -0.0084738246
   -0.0117714032
   -0.0103397510
   -0.0055225525
   -0.0085938106
   -0.0014771855
   -0.0036021967
   -0.0081152372
   -0.0134710031
    0.0033239543
    0.0036119391
    0.0021779561
   -0.0013757074
   -0.0069055814
   -0.0136705536
   -0.0036971013
   -0.0117094952
   -0.0070397761
   -0.0107915836
   -0.0108214049
   -0.0070455283
   -0.0036761883
   -0.0117871224
    0.0032909303
    0.0036240555
    0.0022160406
   -0.0013506560
   -0.0069380377
   -0.0138041231
   -0.0014925072
   -0.0036197312
   -0.0081821090
   -0.0136323154
   -0.0119332549
   -0.0104952482
   -0.0055705222
   -0.0086827113
   -0.0085693335
   -0.0063123256
   -0.0071021859
   -0.0066410233
   -0.0056845100
   -0.0055008906
   -0.0055576503
   -0.0063389726
   -0.0079643675
   -0.0079779460
   -0.0068929523
   -0.0052055589
   -0.0043080888
   -0.0043837923
   -0.0046123900
   -0.0044297668
   -0.0041477363
   -0.0045778021
   -0.0059474084
   -0.0073205738
   -0.0090409095
   -0.0095371184
   -0.0093159587
   -0.0074014168
   -0.0047013215
   -0.0027399340
   -0.0021278540
   -0.0025274109
   -0.0032354235
   -0.0036289042
   -0.0034114255
   -0.0027082144
   -0.0020087020
   -0.0019717269
   -0.0030912181
   -0.0052291199
   -0.0074139136
   -0.0086067498
   -0.0104678918
   -0.0003034618
    0.0008469695
    0.0005935902
   -0.0004286828
   -0.0015958266
   -0.0024056171
   -0.0025501553
   -0.0019670881
   -0.0008457160
    0.0004164602
    0.0012858237
    0.0011802838
   -0.0003608986
    0.0048335997
    0.0045976782
    0.0034200663
    0.0018239827
    0.0002484647
   -0.0009437855
   -0.0014939731
   -0.0012816440
   -0.0003418834
    0.0011441311
    0.0028808400
    0.0044956851
    0.0055584807
    0.0055758524
    0.0104901147
    0.0092007937
    0.0073701155
    0.0052830382
    0.0032022208
    0.0013955990
    0.0001082695
   -0.0004776879
   -0.0002752294
    0.0006932582
    0.0023020053
    0.0043461520
    0.0065772288
    0.0087371937
    0.0105717798
    0.0135586464
    0.0106416803
    0.0079402568
    0.0054345552
    0.0032563928
    0.0015874714
    0.0005939398
    0.0003838279
    0.0009840099
    0.0023357687
    0.0043079268
    0.0067258451
    0.0094144376
    0.0122562438
    0.0152782644
    0.0157376073
    0.0120803959
    0.0089856765
    0.0062626296
    0.0039692428
    0.0022446660
    0.0012273221
    0.0010095623
    0.0016149104
    0.0029934638
    0.0050337599
    0.0075907093
    0.0105317304
    0.0138126662
    0.0176319828
    0.0192925850
    0.0146271912
    0.0110668935
    0.0080309289
    0.0054366302
    0.0033727973
    0.0019707564
    0.0013405521
    0.0015375809
    0.0025493563
    0.0042989713
    0.0066643575
    0.0095148382
    0.0127730295
    0.0165346967
    0.0213816737
    0.0192401789
    0.0145876814
    0.0110343005
    0.0080030304
    0.0054126092
    0.0033524467
    0.0019541493
    0.0013278863
    0.0015291054
    0.0025453523
    0.0042997903
    0.0066705493
    0.0095274641
    0.0127944425
    0.0165707645
    0.0214496060
    0.0156062975
    0.0119758241
    0.0088975035
    0.0061868221
    0.0039044502
    0.0021907723
    0.0011847780
    0.0009790545
    0.0015972216
    0.0029894916
    0.0050447430
    0.0076188268
    0.0105815407
    0.0138948261
    0.0177745223
    0.0133505368
    0.0104751022
    0.0078000607
    0.0053143699
    0.0031540266
    0.0015027587
    0.0005276553
    0.0003371199
    0.0009581461
    0.0023321519
    0.0043284554
    0.0067738737
    0.0094970088
    0.0123895397
    0.0155024596
    0.0101914744
    0.0089619187
    0.0071718686
    0.0051143530
    0.0030582221
    0.0012750605
    0.0000118536
   -0.0005485067
   -0.0003187661
    0.0006786790
    0.0023182356
    0.0043959772
    0.0066660748
    0.0088766356
    0.0107865426
    0.0045652377
    0.0043688533
    0.0032243317
    0.0016572134
    0.0001097551
   -0.0010532353
   -0.0015720716
   -0.0013262627
   -0.0003512694
    0.0011714271
    0.0029465505
    0.0046027999
    0.0057118809
    0.0057800644
   -0.0105615154
   -0.0005482353
    0.0006261190
    0.0004009691
   -0.0005918364
   -0.0017274528
   -0.0025026437
   -0.0026095647
   -0.0019869585
   -0.0008258599
    0.0004740690
    0.0013758791
    0.0012905108
   -0.0002557828
   -0.0091055296
   -0.0095981325
   -0.0094231908
   -0.0075603189
   -0.0048869602
   -0.0029264639
   -0.0022982325
   -0.0026718388
   -0.0033469878
   -0.0037022116
   -0.0034436566
   -0.0027008143
   -0.0019693187
   -0.0019171249
   -0.0030496420
   -0.0052334384
   -0.0074775663
   -0.0086949117
   -0.0080114770
   -0.0080448834
   -0.0070006580
   -0.0053378325
   -0.0044364366
   -0.0044866664
   -0.0046768178
   -0.0044525131
   -0.0041392378
   -0.0045643392
   -0.0059596978
   -0.0073613906
   -0.0071449450
   -0.0067142120
   -0.0057686725
   -0.0055554101
   -0.0055778552
   -0.0063609254
   -0.0063586911
    0.0066010180
    0.0085535072
    0.0107991192
    0.0113279835
    0.0103206051
    0.0099801321
    0.0125679515
    0.0141976379
    0.0149483025
    0.0148605988
    0.0140475006
    0.0127452549
    0.0125893337
    0.0143642279
    0.0158633770
    0.0169657588
    0.0175665964
    0.0176330482
    0.0172260169
    0.0165353990
    0.0159754579
    0.0163044765
    0.0172052397
    0.0181744668
    0.0189337551
    0.0193424603
    0.0193612884
    0.0190450148
    0.0185713305
    0.0183413047
    0.0177018200
    0.0181301271
    0.0189233230
    0.0196561721
    0.0201217750
    0.0202420132
    0.0200383287
    0.0196451104
    0.0193860603
    0.0177084020
    0.0181247702
    0.0189124314
    0.0196422909
    0.0201059017
    0.0202244103
    0.0200188232
    0.0196231703
    0.0193607565
    0.0163080208
    0.0171818412
    0.0181378643
    0.0188895628
    0.0192927505
    0.0193063148
    0.0189838354
    0.0185019106
    0.0182604424
    0.0126033958
    0.0143279235
    0.0158027248
    0.0168915973
    0.0174828734
    0.0175401262
    0.0171219204
    0.0164161194
    0.0158353916
    0.0099098832
    0.0124724932
    0.0140864950
    0.0148244327
    0.0147224394
    0.0138901078
    0.0125616273
    0.0084049067
    0.0106393970
    0.0111517146
    0.0101193180
    0.0063780140
    0.0006015426
    0.0034628548
    0.0044193616
    0.0034071524
    0.0025014770
    0.0055770990
    0.0073380483
    0.0079789099
    0.0076400124
   -0.0020748952
    0.0039622605
    0.0071016529
    0.0091341483
    0.0102913860
    0.0107971594
    0.0108898088
    0.0107727609
   -0.0069869379
   -0.0005833254
    0.0049543503
    0.0080896516
    0.0102235329
    0.0115860760
    0.0123905491
    0.0128913223
    0.0134401903
    0.0145677112
   -0.0059022102
    0.0004870820
    0.0054544584
    0.0086410587
    0.0108308873
    0.0122650757
    0.0131617094
    0.0137844264
    0.0145226493
    0.0160424984
   -0.0056780014
    0.0009093895
    0.0054503637
    0.0086386550
    0.0108286873
    0.0122618555
    0.0131559620
    0.0137736486
    0.0145018348
    0.0159999098
   -0.0056961237
    0.0009010442
    0.0049424132
    0.0080825364
    0.0102168109
    0.0115760098
    0.0123724383
    0.0128573003
    0.0133746502
    0.0144350346
   -0.0059544399
    0.0004628571
    0.0039436038
    0.0070903086
    0.0091222486
    0.0102717948
    0.0107601368
    0.0108183259
    0.0106332628
   -0.0070723371
   -0.0006221558
    0.0024782813
    0.0055623093
    0.0073197416
    0.0079452637
    0.0075745807
   -0.0021246726
    0.0005776493
    0.0034461190
    0.0043933324
    0.0033584640
    0.0001524280
    0.0056182251
    0.0099330355
    0.0097975527
    0.0079843662
    0.0042665356
    0.0135725804
    0.0137235334
    0.0134342022
    0.0123567723
    0.0101960128
    0.0066882774
    0.0015721721
    0.0169203620
    0.0163932565
    0.0157051066
    0.0144756445
    0.0124353596
    0.0093438452
    0.0049151352
   -0.0012832710
    0.0189136425
    0.0181393119
    0.0173783691
    0.0162481620
    0.0144977866
    0.0119170655
    0.0082676810
    0.0031894777
   -0.0039820881
    0.0209157577
    0.0195620323
    0.0187588702
    0.0178865515
    0.0166041179
    0.0146790428
    0.0119020058
    0.0080133968
    0.0025867306
   -0.0052306229
    0.0208851046
    0.0195478974
    0.0187525920
    0.0178844080
    0.0166042893
    0.0146804970
    0.0119039867
    0.0080150636
    0.0025866469
   -0.0052357388
    0.0188605771
    0.0181150551
    0.0173689364
    0.0162469053
    0.0145010934
    0.0119224917
    0.0082727961
    0.0031904999
   -0.0039932384
    0.0168321498
    0.0163539176
    0.0156905274
    0.0144743537
    0.0124410586
    0.0093519756
    0.0049204434
   -0.0012902472
    0.0134196862
    0.0136542651
    0.0134071685
    0.0123515613
    0.0102015668
    0.0066966047
    0.0015735582
    0.0098713256
    0.0097773183
    0.0079839587
    0.0042708434
    0.0055941811
   -0.0076034311
   -0.0088585555
   -0.0065320586
   -0.0051706995
   -0.0073064094
   -0.0046676830
   -0.0027356297
   -0.0020443542
   -0.0044807219
   -0.0019779306
    0.0000497691
    0.0013589444
    0.0017078285
    0.0010740498
   -0.0004338203
    0.0017829614
    0.0037789499
    0.0053245986
    0.0060726409
    0.0058759484
    0.0049053676
    0.0040761176
    0.0059173127
    0.0089801422
    0.0086867626
    0.0119798653
    0.0086309771
    0.0040123871
    0.0057905576
    0.0087053765
   -0.0005211815
    0.0016425796
    0.0035872237
    0.0050893823
    0.0058109176
    0.0056069369
    0.0046391477
   -0.0045916195
   -0.0021283300
   -0.0001410431
    0.0011360622
    0.0014687402
    0.0008333017
   -0.0074351256
   -0.0048268420
   -0.0029257028
   -0.0022512630
   -0.0089854018
   -0.0066868649
   -0.0053428706
   -0.0077391086
   -0.0098800860
   -0.0094111940
   -0.0082379920
   -0.0091815418
   -0.0102174045
   -0.0108122835
   -0.0111303230
   -0.0087794822
   -0.0065800409
   -0.0058887110
   -0.0066777218
   -0.0116591650
   -0.0079230505
   -0.0050135741
   -0.0033382179
   -0.0028942526
   -0.0034560864
   -0.0116694001
   -0.0067831725
   -0.0031095427
   -0.0006909260
    0.0004610452
    0.0006150694
    0.0001334876
   -0.0114785149
   -0.0053465083
    0.0041138589
   -0.0108560159
    0.0080811104
   -0.0100549885
    0.0079743159
   -0.0101649982
   -0.0054045936
    0.0040243233
   -0.0109938564
   -0.0068565653
   -0.0031328535
   -0.0006929018
    0.0004547020
    0.0005837983
    0.0000620336
   -0.0116335017
   -0.0080032108
   -0.0050478149
   -0.0033558351
   -0.0029189018
   -0.0035022314
   -0.0118244599
   -0.0088560496
   -0.0066150466
   -0.0059114000
   -0.0067031761
   -0.0118009454
   -0.0094741980
   -0.0082644150
   -0.0091941408
   -0.0102358062
   -0.0108848686
   -0.0112334820
   -0.0099219307
   -0.0131364146
   -0.0146092492
   -0.0130723019
   -0.0119378033
   -0.0115969905
   -0.0127327096
   -0.0145466964
   -0.0159800562
   -0.0140448708
   -0.0137487567
   -0.0159284679
   -0.0168552080
   -0.0172126208
   -0.0147708786
   -0.0144925713
   -0.0171537562
   -0.0187151599
   -0.0187172402
   -0.0182745506
   -0.0151973460
   -0.0142113017
   -0.0176746984
   -0.0200633037
   -0.0209929337
   -0.0203472480
   -0.0191414178
   -0.0155183759
   -0.0135095920
   -0.0177533440
   -0.0208714072
   -0.0226222998
   -0.0228914589
   -0.0216870246
   -0.0198021826
   -0.0156486354
   -0.0113317220
   -0.0166384784
   -0.0206789477
   -0.0233565601
   -0.0246019703
   -0.0243924477
   -0.0227623434
   -0.0202614073
   -0.0155141549
   -0.0126625535
   -0.0183007489
   -0.0223883182
   -0.0249610064
   -0.0260151726
   -0.0255574744
   -0.0236217480
   -0.0205346915
   -0.0155151312
   -0.0146285793
   -0.0200291799
   -0.0238322445
   -0.0261181846
   -0.0269099406
   -0.0262256412
   -0.0240929574
   -0.0206380847
   -0.0155741409
   -0.0086767244
   -0.0156797558
   -0.0208494385
   -0.0244501468
   -0.0265646448
   -0.0272203103
   -0.0264371085
   -0.0242392020
   -0.0205770460
   -0.0155580822
   -0.0146504291
   -0.0200576194
   -0.0238658338
   -0.0261556012
   -0.0269499627
   -0.0262671789
   -0.0241351383
   -0.0203419847
   -0.0155948829
   -0.0127000673
   -0.0183520380
   -0.0224505226
   -0.0250314026
   -0.0260911872
   -0.0256367551
   -0.0237023204
   -0.0199135066
   -0.0157581002
   -0.0113795629
   -0.0167061795
   -0.0207629326
   -0.0234530123
   -0.0247070880
   -0.0245026138
   -0.0228743392
   -0.0192739718
   -0.0156456102
   -0.0135788904
   -0.0178453131
   -0.0209817158
   -0.0227458207
   -0.0230228862
   -0.0218212741
   -0.0184182471
   -0.0153310250
   -0.0142968586
   -0.0177846457
   -0.0201925627
   -0.0211345452
   -0.0204936502
   -0.0173581743
   -0.0149014223
   -0.0145929314
   -0.0172774226
   -0.0188561325
   -0.0188659859
   -0.0161200955
   -0.0141638506
   -0.0138564607
   -0.0160570998
   -0.0169974120
   -0.0147390250
   -0.0131772265
   -0.0120296860
   -0.0117033890
   -0.0128454767
   -0.0146742662
   -0.0132540034
   -0.0077957045
   -0.0101705004
   -0.0095045969
   -0.0054787625
   -0.0077428942
   -0.0025184246
   -0.0041328912
   -0.0074608328
   -0.0112601013
    0.0010473882
   -0.0001284831
   -0.0028247793
   -0.0068385321
   -0.0115470713
    0.0051741811
    0.0047068671
    0.0029092763
   -0.0003623379
   -0.0049549173
   -0.0105185276
   -0.0025175243
   -0.0086639823
   -0.0051816612
   -0.0051877176
   -0.0025043836
   -0.0087138112
    0.0051825590
    0.0047409843
    0.0029506846
   -0.0003384847
   -0.0049741063
   -0.0106065975
    0.0010493292
   -0.0001207972
   -0.0028329453
   -0.0068897200
   -0.0116674280
   -0.0025333280
   -0.0041605005
   -0.0075281416
   -0.0113909312
   -0.0102897850
   -0.0096074187
   -0.0055156838
   -0.0078162854
   -0.0078629380
   -0.0051632597
   -0.0060056816
   -0.0054958527
   -0.0046251315
   -0.0043868713
   -0.0045664766
   -0.0053629791
   -0.0069881478
   -0.0067251987
   -0.0057011773
   -0.0044257536
   -0.0036771633
   -0.0035583785
   -0.0036292823
   -0.0035865373
   -0.0036094465
   -0.0041488285
   -0.0053092388
   -0.0064761490
   -0.0082219182
   -0.0081241551
   -0.0074164495
   -0.0059194712
   -0.0041344607
   -0.0028143764
   -0.0022818516
   -0.0023635317
   -0.0026737731
   -0.0028654848
   -0.0027747593
   -0.0024760628
   -0.0022517716
   -0.0024813482
   -0.0034461430
   -0.0050632271
   -0.0067591403
   -0.0078533983
   -0.0098705492
   -0.0098448958
   -0.0095127044
   -0.0032361445
   -0.0013867096
   -0.0005314005
   -0.0005127506
   -0.0009802550
   -0.0015727899
   -0.0019995039
   -0.0020844656
   -0.0017938889
   -0.0012397779
   -0.0006583964
   -0.0003714003
   -0.0007298029
   -0.0020038249
   -0.0041736984
   -0.0097527763
    0.0006685691
    0.0017881393
    0.0018971205
    0.0013629032
    0.0005241636
   -0.0003382567
   -0.0010025484
   -0.0013159737
   -0.0012092797
   -0.0007045229
    0.0000890600
    0.0009890529
    0.0017553206
    0.0020973314
    0.0016796971
    0.0001792478
    0.0049741329
    0.0049574389
    0.0042645214
    0.0032192662
    0.0020545668
    0.0009566011
    0.0000805832
   -0.0004539654
   -0.0005745604
   -0.0002645024
    0.0004353241
    0.0014322765
    0.0025929592
    0.0037536405
    0.0047206294
    0.0052496448
    0.0050054846
    0.0086518498
    0.0073414360
    0.0058728082
    0.0043762647
    0.0029603369
    0.0017333136
    0.0007979966
    0.0002383211
    0.0001066316
    0.0004156120
    0.0011364198
    0.0022031147
    0.0035222871
    0.0049854002
    0.0064791469
    0.0078851249
    0.0090524042
    0.0123320077
    0.0100410570
    0.0080016469
    0.0061420311
    0.0044613633
    0.0030077659
    0.0018520771
    0.0010653675
    0.0007019281
    0.0007882243
    0.0013179241
    0.0022528580
    0.0035295435
    0.0050706706
    0.0068006575
    0.0086640032
    0.0106442538
    0.0127763564
    0.0144499056
    0.0114166462
    0.0089808304
    0.0068911058
    0.0050722441
    0.0035364928
    0.0023340466
    0.0015226906
    0.0011484822
    0.0012342519
    0.0017745598
    0.0027364618
    0.0040657638
    0.0056987296
    0.0075797794
    0.0096872651
    0.0120737615
    0.0149382916
    0.0139040912
    0.0108853135
    0.0084543709
    0.0063886428
    0.0046340507
    0.0032117911
    0.0021706273
    0.0015594686
    0.0014111678
    0.0017340494
    0.0025097211
    0.0036965798
    0.0052389670
    0.0070826604
    0.0091991001
    0.0116255286
    0.0145425741
    0.0157032238
    0.0122453901
    0.0095884744
    0.0073750436
    0.0054884852
    0.0039196034
    0.0027043107
    0.0018899532
    0.0015156148
    0.0016009523
    0.0021413708
    0.0031086227
    0.0044565578
    0.0061323302
    0.0080944475
    0.0103417891
    0.0129657053
    0.0162619774
    0.0138420152
    0.0108355696
    0.0084123612
    0.0063522690
    0.0046023727
    0.0031844504
    0.0021475709
    0.0015408051
    0.0013970925
    0.0017248135
    0.0025056394
    0.0036980869
    0.0052467515
    0.0070979502
    0.0092242723
    0.0116655201
    0.0146085364
    0.0143128881
    0.0113099324
    0.0088923759
    0.0068152205
    0.0050062504
    0.0034792384
    0.0022851859
    0.0014823093
    0.0011168941
    0.0012118969
    0.0017619781
    0.0027343494
    0.0040751443
    0.0057213265
    0.0076187866
    0.0097490007
    0.0121715124
    0.0151021562
    0.0121385625
    0.0098878978
    0.0078742698
    0.0060328369
    0.0043665822
    0.0029257372
    0.0017823057
    0.0010079926
    0.0006574211
    0.0007572303
    0.0013012172
    0.0022514175
    0.0035447992
    0.0051050273
    0.0068585428
    0.0087539816
    0.0107834706
    0.0130000614
    0.0084399385
    0.0071664103
    0.0057243269
    0.0042481514
    0.0028494406
    0.0016383874
    0.0007189061
    0.0001755334
    0.0000609068
    0.0003878524
    0.0011276706
    0.0022147456
    0.0035564325
    0.0050457989
    0.0065726180
    0.0080239773
    0.0092575879
    0.0047383383
    0.0047558443
    0.0040917325
    0.0030700916
    0.0019258096
    0.0008469340
   -0.0000100475
   -0.0005249005
   -0.0006248309
   -0.0002930567
    0.0004295783
    0.0014506395
    0.0026373365
    0.0038271269
    0.0048279611
    0.0053963784
    0.0051929782
    0.0004470315
    0.0015884554
    0.0017215653
    0.0012103141
    0.0003932977
   -0.0004475971
   -0.0010896300
   -0.0013796062
   -0.0012482555
   -0.0007178865
    0.0001019348
    0.0010284724
    0.0018209756
    0.0021867141
    0.0017836847
   -0.0100125434
   -0.0099570367
   -0.0034214944
   -0.0015666395
   -0.0006964426
   -0.0006585099
   -0.0011046938
   -0.0016742129
   -0.0020760872
   -0.0021346142
   -0.0018167841
   -0.0012358858
   -0.0006301270
   -0.0003246076
   -0.0006770030
   -0.0019680348
   -0.0041867140
   -0.0099280468
   -0.0083198536
   -0.0082185796
   -0.0075267670
   -0.0060515420
   -0.0042784676
   -0.0029566633
   -0.0024118668
   -0.0024746004
   -0.0027614625
   -0.0029268005
   -0.0028085760
   -0.0024841602
   -0.0022403272
   -0.0024631418
   -0.0034419515
   -0.0050961612
   -0.0068372614
   -0.0079557321
   -0.0070613671
   -0.0068090613
   -0.0058023675
   -0.0045361390
   -0.0037810236
   -0.0036430384
   -0.0036875299
   -0.0036176918
   -0.0036218279
   -0.0041612991
   -0.0053439008
   -0.0065374249
   -0.0060664728
   -0.0055729971
   -0.0047030295
   -0.0044427435
   -0.0046013488
   -0.0054042216
   -0.0052192553
    0.0075472817
    0.0079737359
    0.0089160370
    0.0103050290
    0.0109350273
    0.0108590617
    0.0101226425
    0.0101436848
    0.0115279234
    0.0125170320
    0.0131081453
    0.0132911916
    0.0130828819
    0.0125381545
    0.0117554551
    0.0120356582
    0.0129415619
    0.0137855976
    0.0144503210
    0.0148563583
    0.0149699647
    0.0148036783
    0.0144216843
    0.0139581285
    0.0139234091
    0.0141189415
    0.0146441727
    0.0152248534
    0.0157030553
    0.0159938230
    0.0160646861
    0.0159280303
    0.0156450737
    0.0153462234
    0.0152233809
    0.0149188087
    0.0152156889
    0.0157015997
    0.0161604531
    0.0164778770
    0.0166030522
    0.0165333607
    0.0163136670
    0.0160515459
    0.0159624388
    0.0152377369
    0.0149199901
    0.0152107239
    0.0156933910
    0.0161503029
    0.0164663579
    0.0165903548
    0.0165194354
    0.0162982637
    0.0160341839
    0.0159423115
    0.0139496383
    0.0141149234
    0.0146253067
    0.0151978436
    0.0156709433
    0.0159578819
    0.0160252075
    0.0158846321
    0.0155967466
    0.0152911747
    0.0120354584
    0.0129125661
    0.0137412813
    0.0143967806
    0.0147961019
    0.0149035260
    0.0147302540
    0.0143392283
    0.0138630665
    0.0100987328
    0.0114633196
    0.0124401682
    0.0130221571
    0.0131965243
    0.0129780227
    0.0124197383
    0.0116180310
    0.0088169443
    0.0101950380
    0.0108142912
    0.0107251257
    0.0099702983
    0.0073970781
    0.0078101298
   -0.0014814991
    0.0009880703
    0.0019136812
   -0.0000385177
    0.0026190062
    0.0042144478
    0.0048742136
    0.0046407235
   -0.0038832276
    0.0011285083
    0.0037704428
    0.0055774225
    0.0067103419
    0.0073078304
    0.0074826407
    0.0072584330
   -0.0025535544
    0.0020169355
    0.0047182204
    0.0066332516
    0.0079409888
    0.0087963232
    0.0093605743
    0.0098169951
    0.0103588887
   -0.0069173286
   -0.0017236868
    0.0026161761
    0.0052683826
    0.0072024138
    0.0085878591
    0.0095660742
    0.0102842459
    0.0109256308
    0.0117465276
    0.0131407166
   -0.0060243393
   -0.0010045185
    0.0029162851
    0.0055871034
    0.0075452751
    0.0089640052
    0.0099851802
    0.0107558374
    0.0114623053
    0.0123777920
    0.0139574363
   -0.0058082602
   -0.0007283970
    0.0029117055
    0.0055839757
    0.0075425922
    0.0089609827
    0.0099809936
    0.0107493495
    0.0114516196
    0.0123592849
    0.0139231777
   -0.0058221944
   -0.0007360717
    0.0026026483
    0.0052590863
    0.0071943262
    0.0085785887
    0.0095530577
    0.0102638920
    0.0108919044
    0.0116879030
    0.0130322413
   -0.0060653759
   -0.0010271560
    0.0019951416
    0.0047031944
    0.0066196006
    0.0079242575
    0.0087713850
    0.0093197483
    0.0097467771
    0.0102329518
   -0.0069863092
   -0.0017608658
    0.0010997634
    0.0037501850
    0.0055580174
    0.0066851409
    0.0072688458
    0.0074179569
    0.0071487658
   -0.0026024633
   -0.0000719341
    0.0025948535
    0.0041885356
    0.0048363056
    0.0045788977
   -0.0039417828
   -0.0015157098
    0.0009620104
    0.0018824116
    0.0062571695
    0.0046942483
    0.0015570926
    0.0094405244
    0.0092937946
    0.0083424424
    0.0064484651
    0.0034391494
   -0.0008663898
    0.0120394777
    0.0117165486
    0.0110061150
    0.0097592388
    0.0078274469
    0.0050455144
    0.0011997516
    0.0139438995
    0.0134092411
    0.0126554831
    0.0115055999
    0.0098096042
    0.0074130185
    0.0041180510
   -0.0003791168
    0.0158889241
    0.0151314473
    0.0145055009
    0.0137545458
    0.0127075273
    0.0112297264
    0.0091912531
    0.0064355213
    0.0027323341
   -0.0023106188
    0.0162540089
    0.0154985632
    0.0148210835
    0.0139882606
    0.0128418030
    0.0112527836
    0.0090903996
    0.0061880522
    0.0022888267
   -0.0030643729
    0.0162396079
    0.0154908602
    0.0148170918
    0.0139864475
    0.0128412939
    0.0112530052
    0.0090908846
    0.0061882825
    0.0022880247
   -0.0030676664
    0.0158368063
    0.0151035930
    0.0144908148
    0.0137474758
    0.0127049948
    0.0112297966
    0.0091924459
    0.0064363182
    0.0027305952
   -0.0023187316
    0.0138978159
    0.0133855301
    0.0126444567
    0.0115019044
    0.0098098254
    0.0074143866
    0.0041173990
   -0.0003867924
    0.0119799425
    0.0116859243
    0.0109920148
    0.0097544892
    0.0078272079
    0.0050454753
    0.0011944169
    0.0093832679
    0.0092660191
    0.0083311376
    0.0064450599
    0.0034364467
   -0.0008772745
    0.0062350511
    0.0046850422
    0.0015493771
   -0.0069234053
   -0.0051484049
   -0.0042523035
   -0.0057180560
   -0.0038153019
   -0.0024807051
   -0.0020686511
   -0.0038589053
   -0.0020399821
   -0.0006189546
    0.0002569803
    0.0004510829
   -0.0012570995
    0.0004116726
    0.0018050634
    0.0028156494
    0.0032930508
    0.0031569842
    0.0016929261
    0.0031403882
    0.0044794622
    0.0055888348
    0.0064211512
    0.0060040680
    0.0049401039
    0.0062161454
    0.0079904715
    0.0099914788
    0.0099721736
    0.0079308024
    0.0048743639
    0.0061081975
    0.0016183016
    0.0030281398
    0.0043316705
    0.0054102005
    0.0060806715
    0.0062083333
    0.0057883602
   -0.0013482269
    0.0002900131
    0.0016528767
    0.0026375985
    0.0030977903
    0.0029541125
   -0.0039648405
   -0.0021681277
   -0.0007715274
    0.0000844927
    0.0002675945
   -0.0058347235
   -0.0039486452
   -0.0026330645
   -0.0022316495
   -0.0070397972
   -0.0052792364
   -0.0043934179
   -0.0082749842
   -0.0080765500
   -0.0069925239
   -0.0074428597
   -0.0084118115
   -0.0091762300
   -0.0093866567
   -0.0077872339
   -0.0060802032
   -0.0053244621
   -0.0055898760
   -0.0098106546
   -0.0073761855
   -0.0052525045
   -0.0038717812
   -0.0032967072
   -0.0034353555
   -0.0099140698
   -0.0068175686
   -0.0042368128
   -0.0023960529
   -0.0013306441
   -0.0009336301
   -0.0010478406
   -0.0099325056
   -0.0061000950
   -0.0031015897
   -0.0008503578
    0.0006166389
    0.0013868325
    0.0016529312
    0.0016171185
   -0.0097176589
   -0.0052409339
    0.0043540563
    0.0044194297
   -0.0094114601
    0.0072406183
   -0.0089035422
    0.0117363026
    0.0116677507
    0.0071370322
   -0.0089975937
   -0.0053023422
    0.0043015178
    0.0043251219
   -0.0095261402
   -0.0061733247
   -0.0031385700
   -0.0008676898
    0.0013640047
    0.0016083839
    0.0015400774
   -0.0098450913
   -0.0068980234
   -0.0042823463
   -0.0024245989
   -0.0013585654
   -0.0009745392
   -0.0011119693
   -0.0100657040
   -0.0074582299
   -0.0053028855
   -0.0039084154
   -0.0033351093
   -0.0034856289
   -0.0042382665
   -0.0100432392
   -0.0078650585
   -0.0061297970
   -0.0053642336
   -0.0056309218
   -0.0066323957
   -0.0099286378
   -0.0081449117
   -0.0070371201
   -0.0074793318
   -0.0084512521
   -0.0092476202
   -0.0094787527
   -0.0083298563
   -0.0109229537
   -0.0118806920
   -0.0109286895
   -0.0102160750
   -0.0099537360
   -0.0105774224
   -0.0117704262
   -0.0127873809
   -0.0115941645
   -0.0111805038
   -0.0126327403
   -0.0132860563
   -0.0136153187
   -0.0121173262
   -0.0116954087
   -0.0134322960
   -0.0144733786
   -0.0145224548
   -0.0143448034
   -0.0124531083
   -0.0115911766
   -0.0138095458
   -0.0153674443
   -0.0159991267
   -0.0156236827
   -0.0149624893
   -0.0127095160
   -0.0112285187
   -0.0139256480
   -0.0159551113
   -0.0171180640
   -0.0173212478
   -0.0165688322
   -0.0154618226
   -0.0128177661
   -0.0098904257
   -0.0132610624
   -0.0159158641
   -0.0177102817
   -0.0185625181
   -0.0184452754
   -0.0173847329
   -0.0158438367
   -0.0128998920
   -0.0122072765
   -0.0154314061
   -0.0177875151
   -0.0192338604
   -0.0197481660
   -0.0193320291
   -0.0180130403
   -0.0161166359
   -0.0129065636
   -0.0088615587
   -0.0100326161
   -0.0140047950
   -0.0170416648
   -0.0191590256
   -0.0203569626
   -0.0206363515
   -0.0200073952
   -0.0184914648
   -0.0162926827
   -0.0127854272
   -0.0104351543
   -0.0146092411
   -0.0177356849
   -0.0198732624
   -0.0210433642
   -0.0212569723
   -0.0205266469
   -0.0188682062
   -0.0163842265
   -0.0127685549
   -0.0111333554
   -0.0152464896
   -0.0182937264
   -0.0203465449
   -0.0214335759
   -0.0215695037
   -0.0207671673
   -0.0190384469
   -0.0163984269
   -0.0127830644
   -0.0111406382
   -0.0152556546
   -0.0183044218
   -0.0203584472
   -0.0214463843
   -0.0215829428
   -0.0207809996
   -0.0190524961
   -0.0163342536
   -0.0128276837
   -0.0104557058
   -0.0146355200
   -0.0177666447
   -0.0199079267
   -0.0210808160
   -0.0212963642
   -0.0205672359
   -0.0189094208
   -0.0161826361
   -0.0129729655
   -0.0089299966
   -0.0100647624
   -0.0140461439
   -0.0170906324
   -0.0192140713
   -0.0204166043
   -0.0206991928
   -0.0200721800
   -0.0185571701
   -0.0159298181
   -0.0129852224
   -0.0093671682
   -0.0122571155
   -0.0154924197
   -0.0178576077
   -0.0193109037
   -0.0198300778
   -0.0194168598
   -0.0180990888
   -0.0155623855
   -0.0129158206
   -0.0099412618
   -0.0133267771
   -0.0159942118
   -0.0177985710
   -0.0186578980
   -0.0185449166
   -0.0174859888
   -0.0150718736
   -0.0128139888
   -0.0112936852
   -0.0140062366
   -0.0160485326
   -0.0172209700
   -0.0174299728
   -0.0166796738
   -0.0144574308
   -0.0125578984
   -0.0116662108
   -0.0139002601
   -0.0154707927
   -0.0161107111
   -0.0157384563
   -0.0137262309
   -0.0122174620
   -0.0117784542
   -0.0135300593
   -0.0145820111
   -0.0146358825
   -0.0128925222
   -0.0116847649
   -0.0112653519
   -0.0127315158
   -0.0133931907
   -0.0119769650
   -0.0110071396
   -0.0102811456
   -0.0100253475
   -0.0106598148
   -0.0118655778
   -0.0110079737
   -0.0086008616
   -0.0052009922
   -0.0068305590
   -0.0031199296
   -0.0043173156
   -0.0066686858
   -0.0092559085
   -0.0006990102
   -0.0016163539
   -0.0035784852
   -0.0063688922
   -0.0094991492
    0.0020717361
    0.0016133809
    0.0002145675
   -0.0021344029
   -0.0052992158
   -0.0089878405
    0.0048543351
    0.0039842815
    0.0022228965
   -0.0004445672
   -0.0039129033
   -0.0079989497
   -0.0015313477
   -0.0059224326
   -0.0034788604
   -0.0053023048
   -0.0053154130
   -0.0034841146
   -0.0015246100
   -0.0059541026
    0.0049526743
    0.0048730654
    0.0022493599
   -0.0004338473
   -0.0039318269
   -0.0080616682
    0.0020727303
    0.0016217949
    0.0002213314
   -0.0021429794
   -0.0053385057
   -0.0090730440
   -0.0007047841
   -0.0016263245
   -0.0036042680
   -0.0064257662
   -0.0096006166
   -0.0031373447
   -0.0043501276
   -0.0067312565
   -0.0093587282
   -0.0086897288
   -0.0052335646
   -0.0068917937
   -0.0041564901
   -0.0049577539
   -0.0044448931
   -0.0036654316
   -0.0034412677
   -0.0036723433
   -0.0044271793
   -0.0058998587
   -0.0055369091
   -0.0045951022
   -0.0035487563
   -0.0029138965
   -0.0027495079
   -0.0027750954
   -0.0028013250
   -0.0029492152
   -0.0035086694
   -0.0045228492
   -0.0055133106
   -0.0070613502
   -0.0067489748
   -0.0059240119
   -0.0046599652
   -0.0033134578
   -0.0023250474
   -0.0018777704
   -0.0018575232
   -0.0020173873
   -0.0021354755
   -0.0021090362
   -0.0019903745
   -0.0019678802
   -0.0022933933
   -0.0031506838
   -0.0044765994
   -0.0058679517
   -0.0068024355
   -0.0085542888
   -0.0081998571
   -0.0075022183
   -0.0063040681
   -0.0046518394
   -0.0029250514
   -0.0015600508
   -0.0007801800
   -0.0005553423
   -0.0007111491
   -0.0010374359
   -0.0013481769
   -0.0015122923
   -0.0014721171
   -0.0012514938
   -0.0009518266
   -0.0007373618
   -0.0008115596
   -0.0013773097
   -0.0025589896
   -0.0042812833
   -0.0061842064
   -0.0077216021
   -0.0084952084
   -0.0001629302
    0.0008044225
    0.0011058655
    0.0009304496
    0.0004844658
   -0.0000505258
   -0.0005269712
   -0.0008360302
   -0.0009142282
   -0.0007490712
   -0.0003801887
    0.0001047385
    0.0005769935
    0.0008729296
    0.0007983587
    0.0001432159
   -0.0012618854
    0.0029620552
    0.0032414037
    0.0029857173
    0.0024155026
    0.0017012593
    0.0009754565
    0.0003445954
   -0.0001080291
   -0.0003256727
   -0.0002827415
    0.0000126234
    0.0005193102
    0.0011669456
    0.0018604996
    0.0024821735
    0.0028862200
    0.0028855898
    0.0022435049
    0.0059313105
    0.0052999492
    0.0044305279
    0.0034687683
    0.0025143282
    0.0016479107
    0.0009397429
    0.0004479257
    0.0002132982
    0.0002546747
    0.0005663634
    0.0011186265
    0.0018608387
    0.0027262233
    0.0036359164
    0.0044984357
    0.0051984304
    0.0055677977
    0.0079523184
    0.0066552121
    0.0053899179
    0.0041963137
    0.0031112625
    0.0021768468
    0.0014373128
    0.0009325540
    0.0006917145
    0.0007285072
    0.0010389081
    0.0016014000
    0.0023796079
    0.0033268520
    0.0043916924
    0.0055227122
    0.0066690808
    0.0077698726
    0.0087184148
    0.0102492406
    0.0084247902
    0.0068279695
    0.0054104470
    0.0041572954
    0.0030797685
    0.0022041100
    0.0015611071
    0.0011777196
    0.0010711323
    0.0012452835
    0.0016898168
    0.0023813532
    0.0032869289
    0.0043693891
    0.0055944177
    0.0069386113
    0.0083971958
    0.0099873208
    0.0113591047
    0.0091985088
    0.0074080117
    0.0058730597
    0.0045474988
    0.0034260280
    0.0025247816
    0.0018677336
    0.0014772735
    0.0013680082
    0.0015432714
    0.0019940500
    0.0027001598
    0.0036335944
    0.0047640667
    0.0060669364
    0.0075340317
    0.0091884504
    0.0111051045
    0.0108153901
    0.0087014132
    0.0069521755
    0.0054633392
    0.0041986985
    0.0031585365
    0.0023600392
    0.0018246322
    0.0015697703
    0.0016039791
    0.0019245460
    0.0025175612
    0.0033601872
    0.0044251986
    0.0056880712
    0.0071373690
    0.0087901694
    0.0107164476
    0.0130807424
    0.0119767986
    0.0096388841
    0.0077501916
    0.0061593430
    0.0048035889
    0.0036682462
    0.0027628848
    0.0021064456
    0.0017176432
    0.0016089236
    0.0017831335
    0.0022324800
    0.0029395880
    0.0038806256
    0.0050306568
    0.0063717206
    0.0079048197
    0.0096685435
    0.0117705197
    0.0107737928
    0.0086667738
    0.0069223721
    0.0054372535
    0.0041757523
    0.0031384560
    0.0023427276
    0.0018100974
    0.0015580840
    0.0015952563
    0.0019189408
    0.0025152802
    0.0033615269
    0.0044306206
    0.0056983452
    0.0071538469
    0.0088153331
    0.0107550692
    0.0131425162
    0.0112687425
    0.0091246316
    0.0073452497
    0.0058185023
    0.0044995885
    0.0033839767
    0.0024882502
    0.0018366494
    0.0014517232
    0.0013481786
    0.0015294250
    0.0019865318
    0.0026994451
    0.0036403925
    0.0047795216
    0.0060930017
    0.0075741858
    0.0092491147
    0.0111985918
    0.0101183228
    0.0083170915
    0.0067364181
    0.0053309650
    0.0040876237
    0.0030187426
    0.0021512251
    0.0015162555
    0.0011410316
    0.0010428850
    0.0012258610
    0.0016797201
    0.0023812683
    0.0032978807
    0.0043930324
    0.0056335679
    0.0069982097
    0.0084860927
    0.0101215518
    0.0078011243
    0.0065278931
    0.0052804309
    0.0041009034
    0.0030278057
    0.0021042935
    0.0013752895
    0.0008810992
    0.0006511118
    0.0006991922
    0.0010214422
    0.0015965156
    0.0023883464
    0.0033508365
    0.0044336077
    0.0055871036
    0.0067636115
    0.0079070451
    0.0057537290
    0.0051481192
    0.0042995844
    0.0033548773
    0.0024150578
    0.0015619931
    0.0008667258
    0.0003878733
    0.0001665754
    0.0002218162
    0.0005480267
    0.0011156366
    0.0018743445
    0.0027579901
    0.0036887681
    0.0045767722
    0.0053084491
    0.0057162395
    0.0027759868
    0.0030761358
    0.0028406098
    0.0022884612
    0.0015904129
    0.0008797008
    0.0002635643
   -0.0001741790
   -0.0003764847
   -0.0003176230
   -0.0000056808
    0.0005182957
    0.0011840964
    0.0018969902
    0.0025394769
    0.0029655111
    0.0029856232
    0.0023558888
   -0.0003349439
    0.0006446214
    0.0009618471
    0.0008029943
    0.0003733324
   -0.0001455134
   -0.0006055974
   -0.0008977665
   -0.0009584365
   -0.0007751908
   -0.0003878597
    0.0001155828
    0.0006059149
    0.0009182908
    0.0008555256
    0.0002012546
   -0.0012236263
   -0.0086983350
   -0.0083238651
   -0.0076217105
   -0.0064329745
   -0.0047923484
   -0.0030713263
   -0.0017039053
   -0.0009148440
   -0.0006767804
   -0.0008173283
   -0.0011271470
   -0.0014204047
   -0.0015661537
   -0.0015070771
   -0.0012676664
   -0.0009503581
   -0.0007211146
   -0.0007864962
   -0.0013546694
   -0.0025566880
   -0.0043205907
   -0.0062788651
   -0.0078637981
   -0.0086538580
   -0.0071666257
   -0.0068509154
   -0.0060305379
   -0.0047754213
   -0.0034334717
   -0.0024415915
   -0.0019839146
   -0.0019487089
   -0.0020907608
   -0.0021893712
   -0.0021431793
   -0.0020065871
   -0.0019712306
   -0.0022938330
   -0.0031638827
   -0.0045197104
   -0.0059475785
   -0.0069053211
   -0.0059811393
   -0.0056243455
   -0.0046897138
   -0.0036454973
   -0.0030030924
   -0.0028231883
   -0.0028291163
   -0.0028362455
   -0.0029720330
   -0.0035339765
   -0.0045676620
   -0.0055820616
   -0.0050247420
   -0.0045212842
   -0.0037382413
   -0.0034965797
   -0.0037137677
   -0.0044767765
   -0.0042155721
    0.0078682585
    0.0085124990
    0.0086102977
    0.0081775141
    0.0089442076
    0.0098145430
    0.0103686511
    0.0106061422
    0.0105300472
    0.0101550043
    0.0095011944
    0.0101593856
    0.0108678712
    0.0114535481
    0.0118687843
    0.0120824570
    0.0120848082
    0.0118880597
    0.0115263925
    0.0114620328
    0.0118310443
    0.0122783649
    0.0126871134
    0.0129858746
    0.0131369105
    0.0131294706
    0.0129773291
    0.0127203770
    0.0124315849
    0.0125356628
    0.0125576007
    0.0128357781
    0.0131813136
    0.0134862065
    0.0136904563
    0.0137666224
    0.0137129873
    0.0135524142
    0.0133366959
    0.0131594269
    0.0129848066
    0.0128335481
    0.0130223879
    0.0133282156
    0.0136263708
    0.0138468648
    0.0139547035
    0.0139409010
    0.0138197556
    0.0136313353
    0.0134508518
    0.0125445297
    0.0125538912
    0.0128253649
    0.0131669547
    0.0134692440
    0.0136715084
    0.0137458878
    0.0136903751
    0.0135275741
    0.0133089677
    0.0131276958
    0.0114634866
    0.0118147730
    0.0122521572
    0.0126547326
    0.0129490966
    0.0130964160
    0.0130852384
    0.0129287672
    0.0126662689
    0.0123698459
    0.0101356709
    0.0108285284
    0.0114046014
    0.0118130943
    0.0120210815
    0.0120176325
    0.0118140064
    0.0114433231
    0.0088848421
    0.0097444218
    0.0102903896
    0.0105203424
    0.0104357624
    0.0100498168
    0.0093809418
    0.0077697629
    0.0084055474
    0.0084931357
    0.0080465011
   -0.0013498764
    0.0009462432
    0.0024315734
    0.0031951605
   -0.0004197363
    0.0018871128
    0.0035322776
    0.0046401076
    0.0053138275
    0.0056309647
   -0.0035435541
    0.0003136309
    0.0026200467
    0.0043287758
    0.0055712270
    0.0064574299
    0.0070932422
    0.0075882694
    0.0080476471
   -0.0069056063
   -0.0027709183
    0.0008442894
    0.0031424847
    0.0048770578
    0.0061797325
    0.0071576861
    0.0079151526
    0.0085709101
    0.0092761630
    0.0102368458
   -0.0063155735
   -0.0022068298
    0.0011645359
    0.0034469972
    0.0051871350
    0.0065144133
    0.0075319535
    0.0083384778
    0.0090468145
    0.0098056236
    0.0108338590
   -0.0059094738
   -0.0018501020
    0.0012687178
    0.0035271972
    0.0052584692
    0.0065880624
    0.0076150869
    0.0084332215
    0.0091482494
    0.0098985683
    0.0108877703
    0.0124521373
   -0.0056887429
   -0.0017017437
    0.0011548991
    0.0034398986
    0.0051810542
    0.0065081778
    0.0075244214
    0.0083282439
    0.0090318022
    0.0097823331
    0.0107957148
   -0.0059330915
   -0.0018646393
    0.0008253416
    0.0031284957
    0.0048648970
    0.0061669390
    0.0071417830
    0.0078929753
    0.0085376307
    0.0092234555
    0.0101488350
   -0.0063626348
   -0.0022355696
    0.0002860954
    0.0025995780
    0.0043105037
    0.0055511884
    0.0064314285
    0.0070556579
    0.0075302943
    0.0079541313
   -0.0069748860
   -0.0028129089
   -0.0004545757
    0.0018608855
    0.0035078289
    0.0046115827
    0.0052746662
    0.0055722014
   -0.0035970186
   -0.0013898726
    0.0009154990
    0.0024008570
    0.0031562158
    0.0069588450
    0.0066161572
    0.0055682365
    0.0037387209
    0.0010156354
    0.0091251488
    0.0087682438
    0.0080064712
    0.0067594796
    0.0049258555
    0.0023786959
   -0.0010494452
    0.0109753900
    0.0106126173
    0.0100536310
    0.0092068419
    0.0079817710
    0.0062816942
    0.0039892141
    0.0009422919
   -0.0031046344
    0.0121948356
    0.0117027829
    0.0111054921
    0.0102973689
    0.0091882876
    0.0076901475
    0.0057019612
    0.0030886691
   -0.0003542010
   -0.0049649556
    0.0130878848
    0.0125267007
    0.0119487911
    0.0112331106
    0.0102864373
    0.0090261928
    0.0073662931
    0.0052006860
    0.0023784134
   -0.0013407985
   -0.0063736287
    0.0131050126
    0.0125454824
    0.0119360305
    0.0111701927
    0.0101633570
    0.0088376510
    0.0071085360
    0.0048682263
    0.0019595514
   -0.0018717489
    0.0130675217
    0.0125145959
    0.0119416364
    0.0112290324
    0.0102842734
    0.0090251319
    0.0073656612
    0.0051997769
    0.0023762863
   -0.0013456592
   -0.0063840253
    0.0121612511
    0.0116829240
    0.0110939439
    0.0102909582
    0.0091849569
    0.0076883512
    0.0057002583
    0.0030853238
   -0.0003618032
   -0.0049814321
    0.0109273189
    0.0105843082
    0.0100372917
    0.0091977958
    0.0079769004
    0.0062785400
    0.0039852976
    0.0009343569
   -0.0031218395
    0.0090837054
    0.0087441888
    0.0079929571
    0.0067518359
    0.0049203364
    0.0023714192
   -0.0010637489
    0.0069207429
    0.0065942103
    0.0055555856
    0.0037296665
    0.0010043488
