   -0.0141319217
   -0.0155274662
   -0.0165949275
   -0.0153074632
   -0.0123186228
   -0.0101466073
   -0.0117776671
   -0.0166924448
   -0.0099175805
   -0.0071000687
   -0.0050903739
   -0.0053182112
   -0.0078017086
   -0.0130447982
   -0.0044885638
   -0.0009944395
    0.0017365699
    0.0004287841
   -0.0016949781
    0.0068571367
    0.0153833819
    0.0151763702
    0.0066609584
   -0.0132729140
   -0.0042619365
   -0.0007279709
    0.0019347047
    0.0004918056
   -0.0018005456
   -0.0167076935
   -0.0096750551
   -0.0068911265
   -0.0048929073
   -0.0051790856
   -0.0077517348
   -0.0154211063
   -0.0165047923
   -0.0151590014
   -0.0121325015
   -0.0099739347
   -0.0116435418
   -0.0139836158
   -0.0134266955
   -0.0108297670
   -0.0152441431
   -0.0166864495
   -0.0153375802
   -0.0110595838
   -0.0085174634
   -0.0069772757
   -0.0172297854
   -0.0074943668
   -0.0039820177
   -0.0025948081
   -0.0036867265
   -0.0012097809
   -0.0135008511
   -0.0019276629
    0.0011516342
    0.0035546778
    0.0038163228
    0.0016556542
    0.0065566458
    0.0084245989
    0.0152250477
    0.0079039513
   -0.0017280890
   -0.0131923452
   -0.0017904708
    0.0011141427
    0.0033752815
    0.0034565448
    0.0012343121
   -0.0073230215
   -0.0171598636
   -0.0075430578
   -0.0041262538
   -0.0028247738
   -0.0039833029
   -0.0110487848
   -0.0153795113
   -0.0167542688
   -0.0154407875
   -0.0112032281
   -0.0087155076
   -0.0135797096
   -0.0135863006
   -0.0087267376
   -0.0110132319
   -0.0153241445
   -0.0168486442
   -0.0153599544
   -0.0110586358
   -0.0028613653
   -0.0039799592
   -0.0071044910
   -0.0174546189
   -0.0071944201
   -0.0040302232
    0.0034766611
    0.0013900006
   -0.0012594890
   -0.0137253647
   -0.0013661685
    0.0013040590
    0.0034205760
    0.0075684277
    0.0074847450
    0.0070868952
    0.0070500021
    0.0028783510
    0.0008731795
   -0.0017040645
   -0.0131307975
   -0.0017683026
    0.0008133127
    0.0028360623
   -0.0033569751
   -0.0044592063
   -0.0075376740
   -0.0173475498
   -0.0076066088
   -0.0044986063
   -0.0091469433
   -0.0114008613
   -0.0155866135
   -0.0170063686
   -0.0156173619
   -0.0114395012
   -0.0139113606
   -0.0134119024
   -0.0108568350
   -0.0084974972
   -0.0109975186
   -0.0152943768
   -0.0166782367
   -0.0152659537
   -0.0070464794
   -0.0037139967
   -0.0025704583
   -0.0039084003
   -0.0073854863
   -0.0172264989
   -0.0012936467
    0.0015951366
    0.0037897254
    0.0036394215
    0.0012624996
   -0.0018014351
   -0.0134985667
    0.0083555357
    0.0066452873
    0.0152431240
    0.0154644311
    0.0078027977
    0.0068393532
   -0.0018364043
    0.0011372467
    0.0033818126
    0.0034003940
    0.0011672049
   -0.0017234255
   -0.0131415520
   -0.0074231710
   -0.0040494837
   -0.0028451220
   -0.0040995433
   -0.0074803739
   -0.0171496527
   -0.0111082450
   -0.0087331466
   -0.0111772935
   -0.0154211496
   -0.0167611188
   -0.0154236106
   -0.0135941131
   -0.0141219070
   -0.0155470887
   -0.0117982577
   -0.0101268164
   -0.0122764823
   -0.0152782494
   -0.0165878657
   -0.0078496242
   -0.0053270333
   -0.0050519442
   -0.0070301045
   -0.0098573455
   -0.0166837659
   -0.0017404084
    0.0004001464
    0.0017414121
   -0.0008739781
   -0.0043760779
   -0.0130369881
    0.0068605869
    0.0081794155
    0.0154519950
    0.0151714532
    0.0065910581
   -0.0019070734
    0.0004057182
    0.0018822993
   -0.0006479282
   -0.0041753666
   -0.0132214379
   -0.0078443675
   -0.0052312573
   -0.0048928898
   -0.0068501316
   -0.0096317284
   -0.0166883191
   -0.0154597629
   -0.0116949531
   -0.0099836124
   -0.0121106570
   -0.0151392308
   -0.0165048333
   -0.0139937160
   -0.0142193331
   -0.0159665795
   -0.0151188055
   -0.0129516050
   -0.0123883529
   -0.0129391250
   -0.0150996134
   -0.0161012272
   -0.0106702326
   -0.0106705343
   -0.0128063736
   -0.0132846029
   -0.0161836322
   -0.0105273652
   -0.0105127252
   -0.0158610042
   -0.0149515800
   -0.0127869462
   -0.0122729705
   -0.0127702355
   -0.0149297196
   -0.0140493311
   -0.0186169406
   -0.0165486012
   -0.0174718047
   -0.0190371020
   -0.0194317873
   -0.0190487735
   -0.0174908819
   -0.0139876790
   -0.0142909881
   -0.0155274029
   -0.0175346297
   -0.0188302035
   -0.0188707956
   -0.0186468595
   -0.0188658493
   -0.0188444891
   -0.0175772610
   -0.0155689540
   -0.0143081306
   -0.0115458619
   -0.0125632504
   -0.0148759951
   -0.0171470936
   -0.0181136452
   -0.0177174726
   -0.0168091016
   -0.0163587991
   -0.0167855954
   -0.0176939922
   -0.0181223287
   -0.0172046297
   -0.0149620865
   -0.0126275393
   -0.0115642518
   -0.0068387880
   -0.0082687642
   -0.0114573870
   -0.0147982623
   -0.0167630340
   -0.0169304648
   -0.0157840938
   -0.0142311084
   -0.0131686861
   -0.0131468759
   -0.0141768444
   -0.0157270911
   -0.0169085836
   -0.0168073077
   -0.0149147846
   -0.0116093445
   -0.0083833039
   -0.0068747323
   -0.0018594188
   -0.0075092375
   -0.0124110569
   -0.0152665825
   -0.0158770934
   -0.0147457068
   -0.0127140175
   -0.0106956361
   -0.0094535706
   -0.0094244253
   -0.0106183402
   -0.0126166881
   -0.0146680783
   -0.0158614450
   -0.0153470696
   -0.0126004648
   -0.0077801157
   -0.0021330465
   -0.0046159528
   -0.0110646761
   -0.0142684297
   -0.0148038577
   -0.0134297599
   -0.0110283712
   -0.0084944748
   -0.0066036179
   -0.0058861780
   -0.0065364601
   -0.0083786065
   -0.0108974928
   -0.0133272184
   -0.0147760040
   -0.0143585166
   -0.0113087217
   -0.0050440871
   -0.0056079796
   -0.0116605817
   -0.0140028035
   -0.0137233375
   -0.0117409796
   -0.0089577320
   -0.0062237240
   -0.0042485407
   -0.0035077822
   -0.0041744239
   -0.0060929666
   -0.0088027052
   -0.0116044346
   -0.0136532260
   -0.0140484027
   -0.0118736732
   -0.0060628477
   -0.0020348039
   -0.0099088706
   -0.0133243897
   -0.0137684327
   -0.0122149714
   -0.0095537592
   -0.0066311956
   -0.0041927851
   -0.0028008153
   -0.0027617377
   -0.0040840379
   -0.0064770485
   -0.0093909873
   -0.0120883306
   -0.0137263372
   -0.0134172719
   -0.0101967544
   -0.0026360648
   -0.0057737514
   -0.0117205132
   -0.0139996403
   -0.0136733482
   -0.0116537006
   -0.0088410588
   -0.0060855036
   -0.0040970082
   -0.0033515309
   -0.0040221780
   -0.0059532915
   -0.0086837589
   -0.0115138819
   -0.0135985476
   -0.0140381712
   -0.0119217158
   -0.0062043659
   -0.0049764142
   -0.0112231691
   -0.0143005264
   -0.0147407225
   -0.0132902202
   -0.0108282442
   -0.0082497151
   -0.0063311937
   -0.0056039492
   -0.0062626104
   -0.0081309347
   -0.0106927974
   -0.0131810523
   -0.0147032757
   -0.0143759989
   -0.0114426774
   -0.0053567936
   -0.0024892794
   -0.0078984291
   -0.0126148903
   -0.0153183562
   -0.0158018161
   -0.0145655285
   -0.0124517151
   -0.0103762409
   -0.0091044195
   -0.0090742193
   -0.0102957346
   -0.0123488437
   -0.0144795877
   -0.0157741049
   -0.0153809959
   -0.0127767470
   -0.0081252483
   -0.0026929482
   -0.0073043631
   -0.0086827739
   -0.0117785541
   -0.0149784757
   -0.0167911819
   -0.0168195927
   -0.0155591427
   -0.0139248112
   -0.0128194674
   -0.0127962675
   -0.0138663120
   -0.0154948060
   -0.0167866694
   -0.0168195226
   -0.0150724866
   -0.0119004142
   -0.0087612751
   -0.0073015428
   -0.0117450656
   -0.0118219207
   -0.0128660895
   -0.0151212126
   -0.0172613830
   -0.0180773048
   -0.0175503028
   -0.0165540263
   -0.0160718111
   -0.0165270505
   -0.0175197241
   -0.0180748848
   -0.0173034376
   -0.0151882797
   -0.0129114068
   -0.0118259745
   -0.0117410811
   -0.0142282981
   -0.0145431475
   -0.0157762407
   -0.0176947456
   -0.0188433474
   -0.0187580907
   -0.0184845998
   -0.0187489256
   -0.0188493809
   -0.0177261988
   -0.0158071778
   -0.0145543508
   -0.0167785451
   -0.0176701665
   -0.0191114220
   -0.0194237521
   -0.0191186703
   -0.0176843584
   -0.0187544375
    0.0002795174
    0.0035597859
    0.0029831869
    0.0009655858
    0.0048106582
    0.0077452619
    0.0087655589
    0.0078340585
    0.0025461708
    0.0069714142
    0.0102673500
    0.0121496387
    0.0128493137
    0.0127199127
    0.0121396731
    0.0043715427
    0.0091847657
    0.0124993783
    0.0144930559
    0.0155343810
    0.0160975484
    0.0169030014
    0.0037504313
    0.0090268188
    0.0127329592
    0.0150913559
    0.0164793672
    0.0173213932
    0.0182388421
    0.0204554272
    0.0037325224
    0.0090233114
    0.0127357797
    0.0150948918
    0.0164791528
    0.0173113053
    0.0182060132
    0.0203627507
    0.0043360717
    0.0091838585
    0.0125112017
    0.0145021033
    0.0155257497
    0.0160465394
    0.0167515321
    0.0025073751
    0.0069771090
    0.0102914549
    0.0121677291
    0.0128364836
    0.0126358260
    0.0118989433
    0.0009820424
    0.0048471298
    0.0077891381
    0.0087857032
    0.0077913204
    0.0003652216
    0.0036316486
    0.0030184975
    0.0051110975
    0.0048730584
    0.0071578315
    0.0094143730
    0.0089984493
    0.0112048060
    0.0120368152
    0.0114496674
    0.0137453335
    0.0123824147
    0.0128167281
    0.0141321942
    0.0151865903
    0.0157275359
    0.0156200630
    0.0149018515
    0.0173079671
    0.0182213689
    0.0170308020
    0.0169912625
    0.0175515514
    0.0180676051
    0.0182401988
    0.0180143545
    0.0175584591
    0.0193250637
    0.0217933807
    0.0205058636
    0.0187391087
    0.0186806987
    0.0190802530
    0.0194043208
    0.0194464495
    0.0192244542
    0.0189839307
    0.0192573475
    0.0216696446
    0.0206067320
    0.0187728737
    0.0186877987
    0.0190738766
    0.0193893073
    0.0194240286
    0.0191934186
    0.0189400049
    0.0171259497
    0.0179133039
    0.0171920921
    0.0170382854
    0.0175455008
    0.0180308888
    0.0181799859
    0.0179291171
    0.0174378559
    0.0134966971
    0.0120113506
    0.0129679996
    0.0141611525
    0.0151493599
    0.0156462718
    0.0154986423
    0.0147301374
    0.0091506850
    0.0090275920
    0.0111461045
    0.0119144975
    0.0112647659
    0.0048808670
    0.0048058430
    0.0070068091
    0.0069128468
    0.0047123722
    0.0046634395
    0.0119053847
    0.0112074469
    0.0090776097
    0.0090101817
    0.0111747027
    0.0156759046
    0.0153618233
    0.0144782980
    0.0132228748
    0.0131718117
    0.0144402899
    0.0153410310
    0.0181653686
    0.0179745028
    0.0174920632
    0.0170650279
    0.0174198032
    0.0174463887
    0.0170512832
    0.0174702939
    0.0179601644
    0.0193846879
    0.0192451095
    0.0189160962
    0.0187506530
    0.0195640055
    0.0196282097
    0.0187533297
    0.0189024409
    0.0192343672
    0.0193462708
    0.0192065090
    0.0188781513
    0.0187158233
    0.0195409876
    0.0196145637
    0.0187228978
    0.0188666813
    0.0191966922
    0.0180496655
    0.0178581190
    0.0173774588
    0.0169602050
    0.0173555308
    0.0174122159
    0.0169604901
    0.0173625769
    0.0178466702
    0.0154818874
    0.0151660794
    0.0142838414
    0.0130426461
    0.0130151348
    0.0142576101
    0.0151502326
    0.0116332711
    0.0109310860
    0.0088004201
    0.0087506083
    0.0109058384
    0.0065727835
    0.0043684632
    0.0043296156
    0.0050816488
    0.0071732453
    0.0049317500
    0.0093658362
    0.0114331409
    0.0120505360
    0.0112480542
    0.0090709822
    0.0137114713
    0.0148800590
    0.0156149246
    0.0157420593
    0.0152193880
    0.0141774483
    0.0128667770
    0.0173125389
    0.0175465596
    0.0180054565
    0.0182436229
    0.0180851934
    0.0175777742
    0.0170114618
    0.0170151493
    0.0182888739
    0.0193637385
    0.0189822010
    0.0192151933
    0.0194439547
    0.0194132482
    0.0190974971
    0.0186938676
    0.0187198234
    0.0203829027
    0.0219694790
    0.0192955933
    0.0189362177
    0.0191813746
    0.0194183196
    0.0193946517
    0.0190870934
    0.0186962644
    0.0187476374
    0.0204747949
    0.0218502569
    0.0171276437
    0.0174190512
    0.0179114444
    0.0181734229
    0.0180373124
    0.0175589847
    0.0170431930
    0.0171563038
    0.0179897423
    0.0134540938
    0.0146951131
    0.0154778938
    0.0156432822
    0.0151623903
    0.0141833537
    0.0129900573
    0.0090850850
    0.0112273079
    0.0119045219
    0.0111624293
    0.0090690647
    0.0048266336
    0.0069933371
    0.0048320834
    0.0029675233
    0.0035908237
    0.0003282846
    0.0078099883
    0.0087783202
    0.0077969294
    0.0048958633
    0.0010427687
    0.0121345126
    0.0127190308
    0.0128650272
    0.0121933108
    0.0103486294
    0.0070936265
    0.0026835233
    0.0169554075
    0.0161219567
    0.0155635729
    0.0145464808
    0.0125911601
    0.0093262688
    0.0045594083
    0.0205965129
    0.0182885715
    0.0173507019
    0.0165187739
    0.0151591444
    0.0128435401
    0.0091938584
    0.0039708115
    0.0204934402
    0.0182492459
    0.0173356789
    0.0165144044
    0.0151589422
    0.0128428182
    0.0091868168
    0.0039492137
    0.0167813787
    0.0160546979
    0.0155417971
    0.0145440466
    0.0125923670
    0.0093150545
    0.0045136017
    0.0118589310
    0.0126081144
    0.0128304442
    0.0121925974
    0.0103555831
    0.0070830959
    0.0026299602
    0.0077354572
    0.0087717079
    0.0078174570
    0.0049114985
    0.0010434942
    0.0029719054
    0.0036360156
    0.0003942185
   -0.0125743789
   -0.0134601797
   -0.0147426645
   -0.0139986197
   -0.0117176682
   -0.0097171004
   -0.0105802481
   -0.0160842094
   -0.0109105480
   -0.0082386829
   -0.0062921942
   -0.0060714141
   -0.0077250757
   -0.0165390457
   -0.0074991518
   -0.0043841069
   -0.0022262601
   -0.0015034602
   -0.0020698813
   -0.0037187981
    0.0029137065
    0.0137097451
    0.0135723465
    0.0029126432
   -0.0165131803
   -0.0074410726
   -0.0042678964
   -0.0020874379
   -0.0013953269
   -0.0020251174
   -0.0037486590
   -0.0160239245
   -0.0108297372
   -0.0081420397
   -0.0061812332
   -0.0059817703
   -0.0076708362
   -0.0133621481
   -0.0146610389
   -0.0139166051
   -0.0116240494
   -0.0096147451
   -0.0104855825
   -0.0124784317
   -0.0114315159
   -0.0093941951
   -0.0128719786
   -0.0143274411
   -0.0131218824
   -0.0097128887
   -0.0077377394
   -0.0066735380
   -0.0161279161
   -0.0073281430
   -0.0045831214
   -0.0034928341
   -0.0042212165
   -0.0029206954
   -0.0166061889
   -0.0038569704
   -0.0012057733
    0.0005491718
    0.0012850732
    0.0008726760
   -0.0005644049
    0.0024458481
    0.0043497524
    0.0054414464
    0.0038955395
    0.0082398450
    0.0090118375
    0.0141995390
    0.0137724503
    0.0083699015
    0.0085618050
    0.0025229214
    0.0043039026
    0.0051032325
    0.0034959117
   -0.0032921900
   -0.0165614979
   -0.0038360617
   -0.0012661166
    0.0004089316
    0.0010738172
    0.0006047020
   -0.0008838841
   -0.0069379798
   -0.0161682148
   -0.0074131063
   -0.0047161152
   -0.0036823135
   -0.0044588294
   -0.0095815300
   -0.0130057060
   -0.0144294102
   -0.0132477164
   -0.0098507301
   -0.0079097028
   -0.0115771241
   -0.0113407547
   -0.0076662340
   -0.0093890672
   -0.0128305351
   -0.0142661535
   -0.0128606914
   -0.0094235364
   -0.0034648718
   -0.0042826078
   -0.0066814799
   -0.0161411976
   -0.0067511069
   -0.0043197649
    0.0012688091
    0.0007636065
   -0.0006610768
   -0.0029012175
   -0.0166338222
   -0.0029952465
   -0.0007254216
    0.0007285952
    0.0050550910
    0.0035398809
    0.0034639876
    0.0049901338
    0.0141226426
    0.0138176075
    0.0138598643
    0.0045993059
    0.0031346467
    0.0030886398
    0.0045539842
    0.0008183376
    0.0003248963
   -0.0010716357
   -0.0032832222
   -0.0165827147
   -0.0033514135
   -0.0011185791
    0.0002988801
   -0.0038601062
   -0.0046712935
   -0.0070478395
   -0.0162473914
   -0.0071043229
   -0.0047009284
   -0.0080185445
   -0.0097231790
   -0.0130998596
   -0.0144807926
   -0.0131274252
   -0.0097530628
   -0.0116375036
   -0.0114185183
   -0.0094126732
   -0.0077205852
   -0.0096639035
   -0.0130836257
   -0.0143188629
   -0.0128893048
   -0.0067251760
   -0.0042388064
   -0.0034722693
   -0.0045257832
   -0.0072413671
   -0.0161212720
   -0.0029954625
   -0.0006078349
    0.0008605327
    0.0013090079
    0.0006078423
   -0.0011188220
   -0.0037430251
   -0.0165944290
    0.0038432725
    0.0054033274
    0.0044413408
    0.0025465624
    0.0089781202
    0.0083157371
    0.0137797096
    0.0085063055
    0.0083917839
    0.0034172503
    0.0050305505
    0.0043457105
    0.0025726862
   -0.0033906459
   -0.0009570978
    0.0005568608
    0.0010570941
    0.0004246138
   -0.0012228805
   -0.0037662903
   -0.0165495464
   -0.0070166605
   -0.0045079286
   -0.0036969810
   -0.0046958008
   -0.0073625972
   -0.0161721238
   -0.0096275506
   -0.0079234504
   -0.0098317901
   -0.0132322955
   -0.0144396019
   -0.0130457983
   -0.0115898534
   -0.0125647460
   -0.0134761641
   -0.0105919958
   -0.0096963266
   -0.0116813957
   -0.0139748249
   -0.0147377351
   -0.0077592384
   -0.0060703114
   -0.0062538628
   -0.0081747104
   -0.0108496553
   -0.0160776456
   -0.0037643034
   -0.0020843113
   -0.0014838448
   -0.0021647430
   -0.0042844842
   -0.0073887876
   -0.0165261282
    0.0029005702
    0.0137765649
    0.0135864244
    0.0028492085
   -0.0038386290
   -0.0020823344
   -0.0014165265
   -0.0020628559
   -0.0041985236
   -0.0073537191
   -0.0165004378
   -0.0077394264
   -0.0060146066
   -0.0061733826
   -0.0081028535
   -0.0107872495
   -0.0160239490
   -0.0133971809
   -0.0105232567
   -0.0096190649
   -0.0116072773
   -0.0139067798
   -0.0146689094
   -0.0124881333
   -0.0138531808
   -0.0149342200
   -0.0143257438
   -0.0133197135
   -0.0133184526
   -0.0143137932
   -0.0159575589
   -0.0165014245
   -0.0164857410
   -0.0158750476
   -0.0148250078
   -0.0142075765
   -0.0132695852
   -0.0132659097
   -0.0141948118
   -0.0137705115
   -0.0155105157
   -0.0146348740
   -0.0149564066
   -0.0156706590
   -0.0159266557
   -0.0156775881
   -0.0149646776
   -0.0137336760
   -0.0137019599
   -0.0139679927
   -0.0147728798
   -0.0154882337
   -0.0156863616
   -0.0156617355
   -0.0156875738
   -0.0154996515
   -0.0147944581
   -0.0139836248
   -0.0137046551
   -0.0133986223
   -0.0131188490
   -0.0125350817
   -0.0124552432
   -0.0132521714
   -0.0143456467
   -0.0150171414
   -0.0150781736
   -0.0148272896
   -0.0146789797
   -0.0148203556
   -0.0150747757
   -0.0150304673
   -0.0143794214
   -0.0132915121
   -0.0124742061
   -0.0125261876
   -0.0131050942
   -0.0106336980
   -0.0102356341
   -0.0112385955
   -0.0127945998
   -0.0139738566
   -0.0143749118
   -0.0141083859
   -0.0135602158
   -0.0131496182
   -0.0131411996
   -0.0135403948
   -0.0140914214
   -0.0143781574
   -0.0140092929
   -0.0128588495
   -0.0113051709
   -0.0102626971
   -0.0106008687
   -0.0068758877
   -0.0087448709
   -0.0110882401
   -0.0128107095
   -0.0135136752
   -0.0133054472
   -0.0125574641
   -0.0117201699
   -0.0111826207
   -0.0111700111
   -0.0116876056
   -0.0125194655
   -0.0132821925
   -0.0135255559
   -0.0128712272
   -0.0111944442
   -0.0088651267
   -0.0069474038
   -0.0054570230
   -0.0089893875
   -0.0114297191
   -0.0125631188
   -0.0125665689
   -0.0118043077
   -0.0107094838
   -0.0096973661
   -0.0090931933
   -0.0090771863
   -0.0096540905
   -0.0106523838
   -0.0117532951
   -0.0125447223
   -0.0125926849
   -0.0115272684
   -0.0091584685
   -0.0056745141
   -0.0028746757
   -0.0076975571
   -0.0105758077
   -0.0118094550
   -0.0117755668
   -0.0108997583
   -0.0096219021
   -0.0083541406
   -0.0074353113
   -0.0070898052
   -0.0073988717
   -0.0082899912
   -0.0095463799
   -0.0108347856
   -0.0117461448
   -0.0118411844
   -0.0106928981
   -0.0079215591
   -0.0032243389
   -0.0030571355
   -0.0080063884
   -0.0105399773
   -0.0113463353
   -0.0109386443
   -0.0097847995
   -0.0083250828
   -0.0069529286
   -0.0059833608
   -0.0056219918
   -0.0059429110
   -0.0068804312
   -0.0082364204
   -0.0097016901
   -0.0108866730
   -0.0113532885
   -0.0106355022
   -0.0082253113
   -0.0034550997
   -0.0061129530
   -0.0095600076
   -0.0109254623
   -0.0108540471
   -0.0098534250
   -0.0083811036
   -0.0068501368
   -0.0056078707
   -0.0049079200
   -0.0048860842
   -0.0055465414
   -0.0067614162
   -0.0082838141
   -0.0097714184
   -0.0108145304
   -0.0109581998
   -0.0096992126
   -0.0064076446
   -0.0061515210
   -0.0095730684
   -0.0109221570
   -0.0108384960
   -0.0098281508
   -0.0083481067
   -0.0068112863
   -0.0055650444
   -0.0048630385
   -0.0048410974
   -0.0055033947
   -0.0067220144
   -0.0082500013
   -0.0097449962
   -0.0107973652
   -0.0109525374
   -0.0097085542
   -0.0064395287
   -0.0032407313
   -0.0080860641
   -0.0105600326
   -0.0113242245
   -0.0108836631
   -0.0097035085
   -0.0082232199
   -0.0068361268
   -0.0058573783
   -0.0054927220
   -0.0058162935
   -0.0067623298
   -0.0081325205
   -0.0096174757
   -0.0108275872
   -0.0113252995
   -0.0106466548
   -0.0082901469
   -0.0036098294
   -0.0031854763
   -0.0078513988
   -0.0106327935
   -0.0117961015
   -0.0117067892
   -0.0107863432
   -0.0094734214
   -0.0081801052
   -0.0072455370
   -0.0068943987
   -0.0072080387
   -0.0081137857
   -0.0093944875
   -0.0107164515
   -0.0116704160
   -0.0118178099
   -0.0107346791
   -0.0080504278
   -0.0034893680
   -0.0057652800
   -0.0091666216
   -0.0115018356
   -0.0125494933
   -0.0124822291
   -0.0116625428
   -0.0105235105
   -0.0094810484
   -0.0088611192
   -0.0088443732
   -0.0094355172
   -0.0104625046
   -0.0116056839
   -0.0124520234
   -0.0125670993
   -0.0115818116
   -0.0093089552
   -0.0059411448
   -0.0071628649
   -0.0089847359
   -0.0112383355
   -0.0128634222
   -0.0134768367
   -0.0131922957
   -0.0123840304
   -0.0115047324
   -0.0109452199
   -0.0109316499
   -0.0114692309
   -0.0123409237
   -0.0131613459
   -0.0134776555
   -0.0129082126
   -0.0113224160
   -0.0090753377
   -0.0071989896
   -0.0107366504
   -0.0104206837
   -0.0114226052
   -0.0129149138
   -0.0140063908
   -0.0143204757
   -0.0139804254
   -0.0133792417
   -0.0129404793
   -0.0129309062
   -0.0133558898
   -0.0139573260
   -0.0143145378
   -0.0140289430
   -0.0129620896
   -0.0114687521
   -0.0104274030
   -0.0106881293
   -0.0133901003
   -0.0131344354
   -0.0126185074
   -0.0125975838
   -0.0133894824
   -0.0144210738
   -0.0150091744
   -0.0149937122
   -0.0146902881
   -0.0145225769
   -0.0146806226
   -0.0149847288
   -0.0150138661
   -0.0144432182
   -0.0134153702
   -0.0126042682
   -0.0126015918
   -0.0131172277
   -0.0138167105
   -0.0138041797
   -0.0140907520
   -0.0148637395
   -0.0155051465
   -0.0156346677
   -0.0155821022
   -0.0156326763
   -0.0155103673
   -0.0148771667
   -0.0140989369
   -0.0138028676
   -0.0147426418
   -0.0150570846
   -0.0157158125
   -0.0159297074
   -0.0157194799
   -0.0150618271
   -0.0155835929
    0.0002082170
   -0.0025845325
    0.0009252928
    0.0035150553
    0.0045113089
    0.0037170562
   -0.0013744286
    0.0025638857
    0.0054715153
    0.0072173776
    0.0079524259
    0.0078008060
    0.0021064192
    0.0057319631
    0.0081849117
    0.0097193957
    0.0106005280
    0.0110983038
    0.0114700302
    0.0036435555
    0.0071492998
    0.0095312380
    0.0111082213
    0.0121621042
    0.0130051821
    0.0140713543
    0.0010201914
    0.0055798886
    0.0087091929
    0.0108185090
    0.0122383356
    0.0132720672
    0.0143003421
    0.0159568390
    0.0010032109
    0.0055739869
    0.0087080876
    0.0108183127
    0.0122360730
    0.0132640876
    0.0142799883
    0.0159079377
    0.0036183332
    0.0071434149
    0.0095313077
    0.0111050452
    0.0121461322
    0.0129611609
    0.0139668383
    0.0020653129
    0.0057240657
    0.0081871662
    0.0097156302
    0.0105739138
    0.0110222504
    0.0112909612
   -0.0014399627
    0.0025490350
    0.0054787187
    0.0072223392
    0.0079330680
    0.0077287764
   -0.0025948229
    0.0009378786
    0.0035391398
    0.0045225860
    0.0036948355
    0.0002613925
    0.0040102066
    0.0056576290
    0.0051729978
    0.0072091668
    0.0079481569
    0.0074816140
    0.0091844786
    0.0079643464
    0.0095260541
    0.0105130664
    0.0109933145
    0.0109421662
    0.0103550624
    0.0124396213
    0.0117869122
    0.0122859396
    0.0128127366
    0.0131872945
    0.0133037303
    0.0131531309
    0.0128180311
    0.0149926384
    0.0143984853
    0.0141065722
    0.0142938859
    0.0145770329
    0.0147627672
    0.0147873588
    0.0146971297
    0.0146563572
    0.0163952045
    0.0174644725
    0.0155017518
    0.0150535294
    0.0151496080
    0.0153649786
    0.0155071628
    0.0155265808
    0.0154947255
    0.0156283073
    0.0163394794
    0.0175490242
    0.0155330005
    0.0150631914
    0.0151482858
    0.0153568517
    0.0154937470
    0.0155078561
    0.0154692337
    0.0155922975
    0.0148396766
    0.0145043200
    0.0141420968
    0.0142938077
    0.0145553639
    0.0147248785
    0.0147337943
    0.0146242683
    0.0145545816
    0.0122223396
    0.0119004124
    0.0123146039
    0.0127940222
    0.0131370217
    0.0132265948
    0.0130460082
    0.0126690330
    0.0089381207
    0.0080679128
    0.0095406140
    0.0104707203
    0.0109090983
    0.0108179900
    0.0101811751
    0.0054123630
    0.0051654584
    0.0071426538
    0.0078290615
    0.0073066048
    0.0038616095
    0.0039465487
    0.0079590674
    0.0073740541
    0.0054644033
    0.0054019743
    0.0073460799
    0.0110711277
    0.0108201338
    0.0100582874
    0.0087265101
    0.0086668638
    0.0100229911
    0.0108027899
    0.0133453915
    0.0132208548
    0.0128817892
    0.0124550076
    0.0120962973
    0.0120728347
    0.0124328412
    0.0128632121
    0.0132101792
    0.0148294994
    0.0147594022
    0.0145939912
    0.0145038649
    0.0148255705
    0.0148469525
    0.0145014626
    0.0145848629
    0.0147527580
    0.0155516861
    0.0154997712
    0.0153962815
    0.0154373088
    0.0160461900
    0.0160922253
    0.0154455848
    0.0153921304
    0.0154951712
    0.0155246771
    0.0154726039
    0.0153693794
    0.0154117152
    0.0160250007
    0.0160764010
    0.0154227706
    0.0153666903
    0.0154686429
    0.0147479991
    0.0146773443
    0.0145124300
    0.0144254999
    0.0147584680
    0.0147954724
    0.0144313384
    0.0145076654
    0.0146726114
    0.0132078894
    0.0130820510
    0.0127427081
    0.0123190377
    0.0119751789
    0.0119787448
    0.0123112987
    0.0127317420
    0.0130746888
    0.0108748043
    0.0106207631
    0.0098543487
    0.0085173991
    0.0084781033
    0.0098300730
    0.0106082297
    0.0076995528
    0.0071067037
    0.0051774247
    0.0051288332
    0.0070850677
    0.0036194577
    0.0040251856
    0.0056130423
    0.0074690438
    0.0079615654
    0.0072483075
    0.0052433591
    0.0091451583
    0.0103367509
    0.0109403210
    0.0110076871
    0.0105432259
    0.0095719224
    0.0080320266
    0.0124286655
    0.0128082184
    0.0131485609
    0.0133082647
    0.0132022375
    0.0128361303
    0.0123126861
    0.0118104228
    0.0150215740
    0.0146615301
    0.0146957105
    0.0147884761
    0.0147704568
    0.0145910238
    0.0143093554
    0.0141127442
    0.0143747657
    0.0164541571
    0.0156440467
    0.0154959931
    0.0155265744
    0.0155116567
    0.0153745116
    0.0151595324
    0.0150520681
    0.0154638043
    0.0173274452
    0.0163983720
    0.0156067974
    0.0154686997
    0.0155057135
    0.0154958436
    0.0153637135
    0.0151551749
    0.0150581148
    0.0154903206
    0.0174043999
    0.0148673524
    0.0145555703
    0.0146172004
    0.0147283429
    0.0147252350
    0.0145611755
    0.0142999339
    0.0141370469
    0.0144658020
    0.0122063529
    0.0126508115
    0.0130311624
    0.0132195059
    0.0131390078
    0.0128027439
    0.0123240803
    0.0119022719
    0.0088873977
    0.0101488953
    0.0108003355
    0.0109058684
    0.0104809812
    0.0095631919
    0.0081072206
    0.0053486144
    0.0072735880
    0.0078200348
    0.0071563357
    0.0052058937
    0.0038489232
    0.0002377732
    0.0036945921
    0.0045258816
    0.0035627833
    0.0010013705
   -0.0025052968
    0.0077950553
    0.0079702787
    0.0072607291
    0.0055458914
    0.0026725579
   -0.0012452124
    0.0114941812
    0.0111207052
    0.0106302946
    0.0097667006
    0.0082596009
    0.0058438867
    0.0022637617
    0.0141338160
    0.0130450042
    0.0122019717
    0.0111628406
    0.0096123444
    0.0072688980
    0.0038159029
    0.0160581628
    0.0143526262
    0.0133133241
    0.0122884007
    0.0108910984
    0.0088170220
    0.0057386798
    0.0012472992
    0.0160027550
    0.0143278585
    0.0133018603
    0.0122831360
    0.0108881507
    0.0088132529
    0.0057300266
    0.0012272020
    0.0140128916
    0.0129889560
    0.0121761573
    0.0111510025
    0.0096043474
    0.0072550776
    0.0037823240
    0.0112873508
    0.0110241724
    0.0105871263
    0.0097485487
    0.0082485848
    0.0058230302
    0.0022091613
    0.0076961769
    0.0079288795
    0.0072464519
    0.0055352641
    0.0026402273
   -0.0013283552
    0.0036422318
    0.0045117618
    0.0035643246
    0.0009928219
   -0.0025349878
    0.0002650001
   -0.0107096772
   -0.0111355426
   -0.0124488331
   -0.0121166577
   -0.0104208044
   -0.0086499966
   -0.0089919240
   -0.0139159535
   -0.0103674453
   -0.0080608932
   -0.0062756929
   -0.0057938510
   -0.0067873317
   -0.0081666271
   -0.0054862831
   -0.0035638476
   -0.0026926247
   -0.0028387406
   -0.0039326607
   -0.0036023081
   -0.0010413798
    0.0004124250
    0.0008959619
    0.0006783213
    0.0045379161
    0.0084434847
    0.0044951097
   -0.0035685761
   -0.0009575993
    0.0004969155
    0.0009442479
    0.0006692166
   -0.0152336927
   -0.0081950822
   -0.0054521487
   -0.0035007259
   -0.0026384401
   -0.0028170351
   -0.0039483459
   -0.0138515097
   -0.0103722046
   -0.0080340851
   -0.0062242950
   -0.0057467607
   -0.0067551640
   -0.0110711169
   -0.0123936562
   -0.0120809716
   -0.0103876117
   -0.0086006876
   -0.0089383621
   -0.0106582989
   -0.0092638356
   -0.0076126768
   -0.0103093436
   -0.0116828530
   -0.0106945077
   -0.0080076517
   -0.0064499481
   -0.0055540586
   -0.0136497012
   -0.0063301932
   -0.0042091239
   -0.0033283534
   -0.0037928145
   -0.0029042563
   -0.0152475056
   -0.0040143439
   -0.0018916404
   -0.0005261534
    0.0000631620
   -0.0001554713
   -0.0011464529
    0.0004443055
    0.0020069742
    0.0031334056
    0.0037246432
    0.0036719331
    0.0030440073
    0.0019835671
    0.0048595132
    0.0064077561
    0.0055518012
    0.0049022560
    0.0061086838
    0.0051907518
    0.0004666079
    0.0019570720
    0.0030168711
    0.0035508570
    0.0034515720
    0.0027812624
    0.0016726246
   -0.0031901063
   -0.0153113113
   -0.0019604570
   -0.0006464046
   -0.0001068992
   -0.0003695437
   -0.0014000067
   -0.0057713715
   -0.0137396073
   -0.0064209907
   -0.0043292806
   -0.0034894010
   -0.0039906586
   -0.0077796856
   -0.0104455232
   -0.0117990362
   -0.0108187898
   -0.0081339421
   -0.0066015073
   -0.0094012012
   -0.0090125562
   -0.0061961279
   -0.0074941536
   -0.0102040516
   -0.0114789709
   -0.0102293901
   -0.0075205105
   -0.0031006655
   -0.0037040752
   -0.0054998512
   -0.0135370753
   -0.0055523141
   -0.0037317017
    0.0002523467
   -0.0000955967
   -0.0011337358
   -0.0028677044
   -0.0152057658
   -0.0029409243
   -0.0011820043
   -0.0001203679
    0.0036343116
    0.0028723232
    0.0017545464
    0.0016935493
    0.0028284567
    0.0036094338
    0.0060674922
    0.0060175156
    0.0094558315
    0.0094283269
    0.0091689366
    0.0091695605
    0.0057308779
    0.0057022847
    0.0035266326
    0.0032586256
    0.0025192692
    0.0014235250
    0.0013838602
    0.0024894823
    0.0032408743
   -0.0000972112
   -0.0004410599
   -0.0014661854
   -0.0031856315
   -0.0153538241
   -0.0032410769
   -0.0015018378
   -0.0004593014
   -0.0034233587
   -0.0040234219
   -0.0058062703
   -0.0137219241
   -0.0058491369
   -0.0040453492
   -0.0064930491
   -0.0077808043
   -0.0104572311
   -0.0117051319
   -0.0104802802
   -0.0078034446
   -0.0092779958
   -0.0092526866
   -0.0076250576
   -0.0064351361
   -0.0079688083
   -0.0106620192
   -0.0116755568
   -0.0103234385
   -0.0055905472
   -0.0038033802
   -0.0033105572
   -0.0041639233
   -0.0062625466
   -0.0136446593
   -0.0029602434
   -0.0011765163
   -0.0001608765
    0.0000834008
   -0.0004807952
   -0.0018229776
   -0.0039223569
   -0.0152394100
    0.0019444758
    0.0030231261
    0.0036724647
    0.0037515094
    0.0031845735
    0.0020762791
    0.0005312894
    0.0055195552
    0.0063781982
    0.0049331291
    0.0051401786
    0.0060552478
    0.0049345538
    0.0016118300
    0.0027337295
    0.0034206125
    0.0035425633
    0.0030310458
    0.0019885112
    0.0005144813
   -0.0032663218
   -0.0014541495
   -0.0004028960
   -0.0001178800
   -0.0006342831
   -0.0019259963
   -0.0039817540
   -0.0153177035
   -0.0058301771
   -0.0040266773
   -0.0034998670
   -0.0043138166
   -0.0063825506
   -0.0137500789
   -0.0078148946
   -0.0066120787
   -0.0081202101
   -0.0108071845
   -0.0118102716
   -0.0104798842
   -0.0094121825
   -0.0107007287
   -0.0111478358
   -0.0089971097
   -0.0086295663
   -0.0103903948
   -0.0120982545
   -0.0124461233
   -0.0068080429
   -0.0057860219
   -0.0062391053
   -0.0080049319
   -0.0103141795
   -0.0139137440
   -0.0039642813
   -0.0028421384
   -0.0026674562
   -0.0035073772
   -0.0054013417
   -0.0080694239
   -0.0153132797
    0.0006760492
    0.0009161548
    0.0004641803
   -0.0009486588
   -0.0034694443
    0.0045451560
    0.0084651165
    0.0083757945
    0.0044603303
    0.0006285154
    0.0009277561
    0.0005139897
   -0.0008959533
   -0.0034616889
   -0.0040140414
   -0.0028536871
   -0.0026447542
   -0.0034728364
   -0.0053917441
   -0.0081183909
   -0.0068035499
   -0.0057663595
   -0.0062127339
   -0.0079995130
   -0.0103366855
   -0.0138616673
   -0.0111015297
   -0.0089657611
   -0.0086018193
   -0.0103751669
   -0.0120774139
   -0.0124054109
   -0.0106672960
   -0.0125098654
   -0.0130985594
   -0.0126814380
   -0.0123073554
   -0.0123109642
   -0.0126748679
   -0.0140620372
   -0.0153531183
   -0.0151974796
   -0.0139457473
   -0.0130135736
   -0.0126106540
   -0.0123160951
   -0.0123177024
   -0.0126031280
   -0.0124802537
   -0.0127594525
   -0.0123802379
   -0.0124635002
   -0.0127984373
   -0.0129617110
   -0.0128028084
   -0.0124672509
   -0.0120926173
   -0.0119605888
   -0.0118806250
   -0.0121945168
   -0.0126146314
   -0.0128082430
   -0.0128355020
   -0.0128107996
   -0.0126232508
   -0.0122066089
   -0.0118861290
   -0.0119584777
   -0.0122826920
   -0.0119927881
   -0.0113437337
   -0.0109543126
   -0.0111857883
   -0.0117680443
   -0.0122420082
   -0.0124102571
   -0.0123726566
   -0.0123279046
   -0.0123712962
   -0.0124128402
   -0.0122544829
   -0.0117899351
   -0.0112059155
   -0.0109575000
   -0.0113289323
   -0.0119779261
   -0.0102505065
   -0.0095201705
   -0.0097955587
   -0.0106222708
   -0.0114027614
   -0.0118107333
   -0.0118350813
   -0.0116548124
   -0.0114907243
   -0.0114873996
   -0.0116478507
   -0.0118322447
   -0.0118209331
   -0.0114307253
   -0.0106625816
   -0.0098292547
   -0.0095218705
   -0.0102114431
   -0.0073013810
   -0.0077609115
   -0.0089703564
   -0.0101771474
   -0.0109614815
   -0.0112296651
   -0.0110949358
   -0.0107658706
   -0.0104589540
   -0.0103332549
   -0.0104485618
   -0.0107504199
   -0.0110837736
   -0.0112336541
   -0.0109894687
   -0.0102313362
   -0.0090404585
   -0.0078190348
   -0.0073072742
   -0.0051873555
   -0.0071659368
   -0.0089202296
   -0.0100633975
   -0.0105417408
   -0.0104812196
   -0.0100910842
   -0.0096003752
   -0.0092104134
   -0.0090587347
   -0.0091956983
   -0.0095760654
   -0.0100665795
   -0.0104686186
   -0.0105536544
   -0.0101101346
   -0.0090058521
   -0.0072818448
   -0.0053023821
   -0.0050320806
   -0.0074869483
   -0.0090655043
   -0.0098206337
   -0.0099149928
   -0.0095601674
   -0.0089810955
   -0.0083881892
   -0.0079529930
   -0.0077882864
   -0.0079348199
   -0.0083564816
   -0.0089445914
   -0.0095307056
   -0.0099061910
   -0.0098463730
   -0.0091382056
   -0.0076151601
   -0.0052157388
   -0.0037076317
   -0.0066836060
   -0.0084601609
   -0.0092779816
   -0.0093732975
   -0.0089809845
   -0.0083287235
   -0.0076251725
   -0.0070453174
   -0.0067161519
   -0.0067054020
   -0.0070152643
   -0.0075822030
   -0.0082828401
   -0.0089449601
   -0.0093617188
   -0.0093063883
   -0.0085445185
   -0.0068403764
   -0.0039548077
   -0.0049575692
   -0.0074458551
   -0.0086831583
   -0.0090127484
   -0.0087187574
   -0.0080577189
   -0.0072619163
   -0.0065312560
   -0.0060212443
   -0.0058315199
   -0.0059977906
   -0.0064888316
   -0.0072091165
   -0.0080065837
   -0.0086839553
   -0.0090108520
   -0.0087323927
   -0.0075670359
   -0.0051780393
   -0.0010717829
   -0.0033240246
   -0.0064954116
   -0.0081628325
   -0.0087745124
   -0.0086516593
   -0.0080657086
   -0.0072586119
   -0.0064421947
   -0.0057894751
   -0.0054241141
   -0.0054115634
   -0.0057540376
   -0.0063903407
   -0.0072005820
   -0.0080148200
   -0.0086235934
   -0.0087868917
   -0.0082356585
   -0.0066536896
   -0.0036067309
   -0.0033578766
   -0.0065102249
   -0.0081658945
   -0.0087691199
   -0.0086396805
   -0.0080484553
   -0.0072371826
   -0.0064176184
   -0.0057627701
   -0.0053963061
   -0.0053836844
   -0.0057271164
   -0.0063653923
   -0.0071786030
   -0.0079968002
   -0.0086105596
   -0.0087800235
   -0.0082365666
   -0.0066651271
   -0.0036346723
   -0.0008582714
   -0.0050314998
   -0.0074755691
   -0.0086830321
   -0.0089901098
   -0.0086782359
   -0.0080028838
   -0.0071959562
   -0.0064572652
   -0.0059423291
   -0.0057508173
   -0.0059184455
   -0.0064139601
   -0.0071417768
   -0.0079497787
   -0.0086407083
   -0.0089844300
   -0.0087268557
   -0.0075885702
   -0.0052385008
   -0.0011998004
   -0.0038707349
   -0.0067653921
   -0.0084876863
   -0.0092650393
   -0.0093282770
   -0.0089100302
   -0.0082371144
   -0.0075179368
   -0.0069274844
   -0.0065928216
   -0.0065817218
   -0.0068963651
   -0.0074731302
   -0.0081885135
   -0.0088702089
   -0.0093114672
   -0.0092861405
   -0.0085614726
   -0.0069059939
   -0.0040912201
   -0.0052155885
   -0.0075859249
   -0.0091003413
   -0.0098044999
   -0.0098573255
   -0.0094687577
   -0.0088631974
   -0.0082510398
   -0.0078039923
   -0.0076349875
   -0.0077848204
   -0.0082172816
   -0.0088234682
   -0.0094346658
   -0.0098420767
   -0.0098212488
   -0.0091602266
   -0.0076952292
   -0.0053702907
   -0.0023635300
   -0.0054108900
   -0.0073206596
   -0.0090040877
   -0.0100837597
   -0.0105076236
   -0.0104016753
   -0.0099753169
   -0.0094580146
   -0.0090515884
   -0.0088939451
   -0.0090355581
   -0.0094309963
   -0.0099465292
   -0.0103828776
   -0.0105108341
   -0.0101183006
   -0.0090724935
   -0.0074123215
   -0.0054930648
   -0.0074449767
   -0.0079195147
   -0.0090916804
   -0.0102409741
   -0.0109656635
   -0.0111798125
   -0.0110001611
   -0.0106373443
   -0.0103092694
   -0.0101758873
   -0.0102972618
   -0.0106185610
   -0.0109837175
   -0.0111761565
   -0.0109829903
   -0.0102806342
   -0.0091427147
   -0.0079546512
   -0.0074272658
   -0.0116000892
   -0.0102580262
   -0.0096107632
   -0.0099060602
   -0.0107030366
   -0.0114312965
   -0.0117837537
   -0.0117598181
   -0.0115442950
   -0.0113613107
   -0.0113570183
   -0.0115343692
   -0.0117518280
   -0.0117862756
   -0.0114486559
   -0.0107297057
   -0.0099240961
   -0.0095976624
   -0.0102085104
   -0.0115409421
   -0.0122162457
   -0.0119486798
   -0.0113572564
   -0.0110216672
   -0.0112644743
   -0.0118168406
   -0.0122421815
   -0.0123631862
   -0.0122923327
   -0.0122350479
   -0.0122887304
   -0.0123611910
   -0.0122476300
   -0.0118294226
   -0.0112740707
   -0.0110154001
   -0.0113362911
   -0.0119311608
   -0.0121091485
   -0.0119946749
   -0.0119396008
   -0.0122453759
   -0.0126263058
   -0.0127797241
   -0.0127899379
   -0.0127796924
   -0.0126299498
   -0.0122510031
   -0.0119392381
   -0.0119893738
   -0.0124267874
   -0.0125125324
   -0.0128227005
   -0.0129628521
   -0.0128244706
   -0.0125134842
   -0.0127957598
   -0.0013014336
    0.0009870861
    0.0019364518
   -0.0000443211
    0.0025106573
    0.0041029499
    0.0048185919
    0.0046659088
    0.0008912908
    0.0035528050
    0.0053877094
    0.0065772691
    0.0072784595
    0.0075998135
    0.0021791044
    0.0048289237
    0.0066839739
    0.0079746585
    0.0088988073
    0.0096568827
    0.0104683955
   -0.0002880274
    0.0032329674
    0.0057359133
    0.0075272361
    0.0088300815
    0.0098355835
    0.0107528740
    0.0118646387
    0.0014494353
    0.0045912649
    0.0068259050
    0.0084411151
    0.0096489189
    0.0106472787
    0.0116780495
    0.0131151779
    0.0014394369
    0.0045867108
    0.0068235928
    0.0084389354
    0.0096450163
    0.0106392819
    0.0116618880
    0.0130821008
   -0.0003267174
    0.0032152882
    0.0057277827
    0.0075214537
    0.0088210422
    0.0098169852
    0.0107149013
    0.0117880732
    0.0021488067
    0.0048161512
    0.0066754255
    0.0079601766
    0.0088669713
    0.0095898164
    0.0103315785
    0.0008520345
    0.0035378865
    0.0053786909
    0.0065600521
    0.0072377765
    0.0075138415
   -0.0000748806
    0.0025029566
    0.0040962701
    0.0047947100
    0.0046064861
   -0.0013077099
    0.0009945608
    0.0019389856
    0.0047705159
    0.0054379637
    0.0050648155
    0.0065671664
    0.0075062670
    0.0079538412
    0.0079382327
    0.0074356583
    0.0090660162
    0.0084928538
    0.0091231494
    0.0095998646
    0.0098961680
    0.0099842983
    0.0098659086
    0.0095634129
    0.0115135295
    0.0106443444
    0.0107575706
    0.0110081123
    0.0112516111
    0.0114055892
    0.0114477176
    0.0114125654
    0.0113892204
    0.0133800312
    0.0123162670
    0.0119663143
    0.0119893153
    0.0121405596
    0.0122910271
    0.0123871019
    0.0124354421
    0.0125027596
    0.0127306412
    0.0143831207
    0.0142731804
    0.0129528056
    0.0125485476
    0.0125320748
    0.0126493608
    0.0127750159
    0.0128629283
    0.0129300060
    0.0130595292
    0.0134273848
    0.0143370024
    0.0143235613
    0.0129738391
    0.0125559353
    0.0125319029
    0.0126442925
    0.0127661719
    0.0128505404
    0.0129135763
    0.0130376371
    0.0133969322
    0.0132514667
    0.0123883350
    0.0119933224
    0.0119917105
    0.0121273574
    0.0122661342
    0.0123515628
    0.0123880853
    0.0124398050
    0.0126438770
    0.0113260678
    0.0107287822
    0.0107829776
    0.0109992192
    0.0112195515
    0.0113545670
    0.0113773947
    0.0113182278
    0.0112598359
    0.0088459311
    0.0085569847
    0.0091296431
    0.0095686876
    0.0098365202
    0.0098982308
    0.0097494887
    0.0094057272
    0.0065654228
    0.0074589184
    0.0078693867
    0.0078167638
    0.0072685406
    0.0046981561
    0.0053230090
    0.0049015098
    0.0055734329
    0.0050748007
    0.0050508149
    0.0081426622
    0.0079290255
    0.0072474605
    0.0072148815
    0.0079139297
    0.0101186776
    0.0100267972
    0.0097567675
    0.0093344863
    0.0087240737
    0.0086843817
    0.0093091648
    0.0097399106
    0.0100180526
    0.0115589337
    0.0115142251
    0.0114022515
    0.0113066639
    0.0113630569
    0.0113628852
    0.0112999872
    0.0113943578
    0.0115092147
    0.0124973496
    0.0124772450
    0.0124420589
    0.0124835707
    0.0127805019
    0.0136626429
    0.0137194969
    0.0128006515
    0.0124871321
    0.0124396418
    0.0124747127
    0.0129526016
    0.0129414248
    0.0129359697
    0.0130356156
    0.0134431451
    0.0145638593
    0.0146462613
    0.0134748010
    0.0130449930
    0.0129365723
    0.0129402111
    0.0129328532
    0.0129215518
    0.0129161966
    0.0130164021
    0.0134256232
    0.0145512732
    0.0146394036
    0.0134603402
    0.0130275285
    0.0129177739
    0.0129207778
    0.0124377549
    0.0124172346
    0.0123822106
    0.0124251065
    0.0127264699
    0.0136217474
    0.0136954472
    0.0127557577
    0.0124339159
    0.0123827224
    0.0124160240
    0.0114583597
    0.0114127681
    0.0113005525
    0.0112063329
    0.0112684842
    0.0112846381
    0.0112089543
    0.0112977965
    0.0114100593
    0.0099749223
    0.0098812979
    0.0096091604
    0.0091846947
    0.0091721986
    0.0095994896
    0.0098757842
    0.0079518917
    0.0077343546
    0.0070443128
    0.0070214392
    0.0077236413
    0.0053293138
    0.0048213395
    0.0048026325
    0.0050552902
    0.0054509011
    0.0048059359
    0.0074197851
    0.0079381457
    0.0079678899
    0.0075345645
    0.0066121767
    0.0090448031
    0.0095527941
    0.0098627891
    0.0099891058
    0.0099094237
    0.0096210990
    0.0091511858
    0.0085279419
    0.0115244979
    0.0113925028
    0.0114136810
    0.0114511102
    0.0114137493
    0.0112648133
    0.0110242724
    0.0107720854
    0.0106502043
    0.0108532744
    0.0134274786
    0.0127500386
    0.0125101832
    0.0124395910
    0.0123926158
    0.0122995841
    0.0121511624
    0.0119979597
    0.0119648567
    0.0122895722
    0.0144555842
    0.0134570028
    0.0130708195
    0.0129347883
    0.0128672346
    0.0127812407
    0.0126569031
    0.0125370699
    0.0125425058
    0.0129188801
    0.0141741938
    0.0144096212
    0.0134258287
    0.0130477573
    0.0129169176
    0.0128532082
    0.0127705786
    0.0126498142
    0.0125346070
    0.0125471859
    0.0129364584
    0.0142194532
    0.0132986536
    0.0126607616
    0.0124435226
    0.0123877819
    0.0123520568
    0.0122691305
    0.0121317663
    0.0119932914
    0.0119834389
    0.0123507504
    0.0113345303
    0.0112578267
    0.0113124764
    0.0113728493
    0.0113538727
    0.0112229036
    0.0110042240
    0.0107843814
    0.0107182507
    0.0110307580
    0.0088178500
    0.0093859775
    0.0097357081
    0.0098911312
    0.0098365902
    0.0095751352
    0.0091406125
    0.0085715096
    0.0072386370
    0.0078013140
    0.0078664811
    0.0074680865
    0.0065880889
    0.0048724796
    0.0053150047
    0.0047099176
    0.0019518852
    0.0010309182
   -0.0012335874
    0.0046587518
    0.0048366904
    0.0041442579
    0.0025780768
    0.0000516705
    0.0076142698
    0.0073047645
    0.0066183262
    0.0054491388
    0.0036413790
    0.0010144607
    0.0105151526
    0.0096947344
    0.0089381116
    0.0080246413
    0.0067531327
    0.0049262580
    0.0023159350
    0.0119327194
    0.0108017074
    0.0098820609
    0.0088855440
    0.0076009187
    0.0058372929
    0.0033743359
   -0.0000896453
    0.0132071923
    0.0117357272
    0.0106953235
    0.0097015728
    0.0085087097
    0.0069180178
    0.0047195364
    0.0016307085
    0.0131695281
    0.0117162698
    0.0106846610
    0.0096953478
    0.0085043917
    0.0069136365
    0.0047128647
    0.0016183687
    0.0118440979
    0.0107546111
    0.0098558763
    0.0088697742
    0.0075888463
    0.0058229795
    0.0033501977
   -0.0001356871
    0.0103573398
    0.0096119874
    0.0088934431
    0.0079989160
    0.0067341623
    0.0049032800
    0.0022749674
    0.0075063071
    0.0072460597
    0.0065854182
    0.0054256733
    0.0036123953
    0.0009606034
    0.0045738457
    0.0047915114
    0.0041187293
    0.0025526045
    0.0000031860
    0.0019306300
    0.0010168605
   -0.0012608252
   -0.0090910371
   -0.0091847847
   -0.0103658698
   -0.0103224288
   -0.0091212925
   -0.0076671468
   -0.0076877325
   -0.0115486282
   -0.0093678965
   -0.0075617497
   -0.0060754490
   -0.0055049457
   -0.0060230977
   -0.0127827731
   -0.0079504657
   -0.0058762928
   -0.0043046361
   -0.0034599762
   -0.0033705045
   -0.0040150857
   -0.0048262672
   -0.0028416267
   -0.0015701500
   -0.0009718746
   -0.0009487096
   -0.0037424193
   -0.0013329916
    0.0003026030
    0.0012449225
    0.0016586247
    0.0017009754
    0.0043026486
    0.0044653194
    0.0071066654
    0.0070594659
    0.0043103999
    0.0044185611
   -0.0037652731
   -0.0013026859
    0.0012822086
    0.0016651614
    0.0016630078
   -0.0048452041
   -0.0028203959
   -0.0015403692
   -0.0009575432
   -0.0009645531
   -0.0127151247
   -0.0058872273
   -0.0042888588
   -0.0034427046
   -0.0033683019
   -0.0040315665
   -0.0115080221
   -0.0094092515
   -0.0075744251
   -0.0060643009
   -0.0054902226
   -0.0060137741
   -0.0091550134
   -0.0103402330
   -0.0103186940
   -0.0091249643
   -0.0076551389
   -0.0076677309
   -0.0090741362
   -0.0074766039
   -0.0061789206
   -0.0081751285
   -0.0093615185
   -0.0086336490
   -0.0066092361
   -0.0054047140
   -0.0046504854
   -0.0110595662
   -0.0054800692
   -0.0038793138
   -0.0031714483
   -0.0034402028
   -0.0028039865
   -0.0126430194
   -0.0039917190
   -0.0023556004
   -0.0012884217
   -0.0007997544
   -0.0008953348
   -0.0015629719
   -0.0009528225
    0.0003254601
    0.0012007198
    0.0016656465
    0.0017001371
    0.0013274060
    0.0005817304
    0.0021018573
    0.0030703251
    0.0038097417
    0.0043549946
    0.0041240623
    0.0036495553
    0.0029915844
    0.0048351392
    0.0061023804
    0.0074814432
    0.0085395198
    0.0075260162
    0.0082820961
    0.0048654218
    0.0055975878
    0.0058444632
    0.0021056478
    0.0030210254
    0.0037128915
    0.0041192970
    0.0041818500
    0.0039187137
    0.0034094864
    0.0027094035
   -0.0009711647
    0.0002659434
    0.0010991445
    0.0015249233
    0.0015240695
    0.0011178192
    0.0003381260
   -0.0030294216
   -0.0127472055
   -0.0040440205
   -0.0024317111
   -0.0013974357
   -0.0009432776
   -0.0010712273
   -0.0017675157
   -0.0048333764
   -0.0111707970
   -0.0055727250
   -0.0039906287
   -0.0033117042
   -0.0036078198
   -0.0063295578
   -0.0083105760
   -0.0094824722
   -0.0087523778
   -0.0067265358
   -0.0055407119
   -0.0076062659
   -0.0071252170
   -0.0050352699
   -0.0059864707
   -0.0080273199
   -0.0090663555
   -0.0080474509
   -0.0060060507
   -0.0028108012
   -0.0032496702
   -0.0045561018
   -0.0108637187
   -0.0045943521
   -0.0032698551
   -0.0004638048
   -0.0007129046
   -0.0014739143
   -0.0027627418
   -0.0125703363
   -0.0028167618
   -0.0015095966
   -0.0007308437
    0.0020049293
    0.0018279079
    0.0013022434
    0.0004488841
    0.0004012585
    0.0012703359
    0.0018112852
    0.0044542846
    0.0040479825
    0.0034633882
    0.0034246085
    0.0040189107
    0.0044379493
    0.0062538612
    0.0057910519
    0.0057573104
    0.0062199759
    0.0085083266
    0.0084857815
    0.0082729597
    0.0082696533
    0.0059798298
    0.0055354402
    0.0055235162
    0.0059612849
    0.0042881990
    0.0041478406
    0.0037547680
    0.0031859038
    0.0031628444
    0.0037359796
    0.0041366350
    0.0017091183
    0.0015344208
    0.0010180409
    0.0001756066
    0.0001431073
    0.0009962934
    0.0015229071
   -0.0007451328
   -0.0009928664
   -0.0017470864
   -0.0030271006
   -0.0127704616
   -0.0030685656
   -0.0017736204
   -0.0010060419
   -0.0030781223
   -0.0035152221
   -0.0048136211
   -0.0110676399
   -0.0048446489
   -0.0035311057
   -0.0052877476
   -0.0062333541
   -0.0082576037
   -0.0092845465
   -0.0082754531
   -0.0062498658
   -0.0073609989
   -0.0074671391
   -0.0061863603
   -0.0053919468
   -0.0065789826
   -0.0086075138
   -0.0093557454
   -0.0081856849
   -0.0046745675
   -0.0034454447
   -0.0031560024
   -0.0038439168
   -0.0054286325
   -0.0110571015
   -0.0028424182
   -0.0015825213
   -0.0008964277
   -0.0007822257
   -0.0012524791
   -0.0023018857
   -0.0039208951
   -0.0126417520
    0.0005537417
    0.0013155408
    0.0017046274
    0.0016877243
    0.0012399368
    0.0003805098
   -0.0008810997
    0.0029627983
    0.0036315861
    0.0041174127
    0.0043634845
    0.0038520373
    0.0031248578
    0.0021671658
    0.0060856166
    0.0048928147
    0.0085326676
    0.0075271823
    0.0082610470
    0.0075402162
    0.0058105263
    0.0048899934
    0.0026648724
    0.0033720609
    0.0038890086
    0.0041640640
    0.0041168134
    0.0037250626
    0.0030444636
    0.0021386841
    0.0002921534
    0.0010846932
    0.0015042642
    0.0015202772
    0.0011100034
    0.0002915605
   -0.0009296638
   -0.0030847308
   -0.0018066556
   -0.0010946314
   -0.0009503675
   -0.0013876925
   -0.0024049972
   -0.0040000767
   -0.0127617760
   -0.0048757244
   -0.0036337153
   -0.0033190682
   -0.0039792259
   -0.0055449882
   -0.0111838153
   -0.0063558497
   -0.0055488339
   -0.0067172730
   -0.0087447612
   -0.0094935391
   -0.0083383938
   -0.0076156367
   -0.0090829116
   -0.0091930603
   -0.0076881374
   -0.0076484946
   -0.0090968114
   -0.0103086897
   -0.0103646623
   -0.0060331235
   -0.0054935542
   -0.0060431761
   -0.0075163304
   -0.0093254198
   -0.0115502829
   -0.0040330171
   -0.0033666060
   -0.0034340876
   -0.0042563320
   -0.0058087174
   -0.0078746335
   -0.0127828195
   -0.0009444342
   -0.0009473561
   -0.0015220982
   -0.0027666376
   -0.0047254126
    0.0017102595
    0.0016823494
    0.0012888390
    0.0003751263
   -0.0012256606
   -0.0035993058
    0.0044863437
    0.0043292264
    0.0071393721
    0.0070599474
    0.0044058533
    0.0043051838
    0.0016396422
    0.0016579620
    0.0012966675
   -0.0012201747
   -0.0036437094
   -0.0009899731
   -0.0009612807
   -0.0015187924
   -0.0027694816
   -0.0047655730
   -0.0040760448
   -0.0033905838
   -0.0034417233
   -0.0042634817
   -0.0058401259
   -0.0127295920
   -0.0060463268
   -0.0055012226
   -0.0060528293
   -0.0075475033
   -0.0093830529
   -0.0115228865
   -0.0091798828
   -0.0076871932
   -0.0076550536
   -0.0091167027
   -0.0103192338
   -0.0103532811
   -0.0090822955
   -0.0110244013
   -0.0112634299
   -0.0110203895
   -0.0110177391
   -0.0118737459
   -0.0128474207
   -0.0127033357
   -0.0117791435
   -0.0112105962
   -0.0109880714
   -0.0109840849
   -0.0110257462
   -0.0105765424
   -0.0104267568
   -0.0104128411
   -0.0105625921
   -0.0106686615
   -0.0105654711
   -0.0104145010
   -0.0103828143
   -0.0102365877
   -0.0100484650
   -0.0101420286
   -0.0103950875
   -0.0105597595
   -0.0106023056
   -0.0105625167
   -0.0104015844
   -0.0101491191
   -0.0100497563
   -0.0102332558
   -0.0106742065
   -0.0104311902
   -0.0098713801
   -0.0094443830
   -0.0094468194
   -0.0097618887
   -0.0100971544
   -0.0102825648
   -0.0103301949
   -0.0103304532
   -0.0103311716
   -0.0102871552
   -0.0101077627
   -0.0097765589
   -0.0094574525
   -0.0094420751
   -0.0098574419
   -0.0104187242
   -0.0103751573
   -0.0092782760
   -0.0085308692
   -0.0084118579
   -0.0087751002
   -0.0092895229
   -0.0096951608
   -0.0098945552
   -0.0099230955
   -0.0098781112
   -0.0098503590
   -0.0098767556
   -0.0099232036
   -0.0099004530
   -0.0097102737
   -0.0093133415
   -0.0088005713
   -0.0084256714
   -0.0085202786
   -0.0092435326
   -0.0103346971
   -0.0070642913
   -0.0069608379
   -0.0075093995
   -0.0082720076
   -0.0089245749
   -0.0093208738
   -0.0094566889
   -0.0094115009
   -0.0092954713
   -0.0092074276
   -0.0092053029
   -0.0092905667
   -0.0094078517
   -0.0094598088
   -0.0093360254
   -0.0089544565
   -0.0083139237
   -0.0075524210
   -0.0069852108
   -0.0070481272
   -0.0048929868
   -0.0057732342
   -0.0068960446
   -0.0078818775
   -0.0085575190
   -0.0088951970
   -0.0089531163
   -0.0088318286
   -0.0086424662
   -0.0084827378
   -0.0084192587
   -0.0084764296
   -0.0086324895
   -0.0088230440
   -0.0089517984
   -0.0089078754
   -0.0085894476
   -0.0079349753
   -0.0069659823
   -0.0058455598
   -0.0049401708
   -0.0038419112
   -0.0055142445
   -0.0068794352
   -0.0078119175
   -0.0083164105
   -0.0084657388
   -0.0083654001
   -0.0081309373
   -0.0078711112
   -0.0076744665
   -0.0075990607
   -0.0076658748
   -0.0078564504
   -0.0081149748
   -0.0083546195
   -0.0084676016
   -0.0083384326
   -0.0078605064
   -0.0069582301
   -0.0056213090
   -0.0039646442
   -0.0022423425
   -0.0045319923
   -0.0062104115
   -0.0072911234
   -0.0078551830
   -0.0080135536
   -0.0078892193
   -0.0076055475
   -0.0072763891
   -0.0069970095
   -0.0068362669
   -0.0068307912
   -0.0069818311
   -0.0072551484
   -0.0075839721
   -0.0078746587
   -0.0080144088
   -0.0078802822
   -0.0073490575
   -0.0063087045
   -0.0046756244
   -0.0024302553
   -0.0010093349
   -0.0037905449
   -0.0056876628
   -0.0068643338
   -0.0074681272
   -0.0076374526
   -0.0075042740
   -0.0071929257
   -0.0068162350
   -0.0064702500
   -0.0062287669
   -0.0061386470
   -0.0062166666
   -0.0064483598
   -0.0067890198
   -0.0071667160
   -0.0074868895
   -0.0076378043
   -0.0074958839
   -0.0069297572
   -0.0058017278
   -0.0039654731
   -0.0012596019
   -0.0012931925
   -0.0040417644
   -0.0058045045
   -0.0068276806
   -0.0072921353
   -0.0073487915
   -0.0071321733
   -0.0067639957
   -0.0063519118
   -0.0059860395
   -0.0057348688
   -0.0056416156
   -0.0057217309
   -0.0059619788
   -0.0063212282
   -0.0067328356
   -0.0071082245
   -0.0073409802
   -0.0073104249
   -0.0068831300
   -0.0059098598
   -0.0042131685
   -0.0015545027
   -0.0006429915
   -0.0036826254
   -0.0055843110
   -0.0066687445
   -0.0071508087
   -0.0071997041
   -0.0069613371
   -0.0065654021
   -0.0061255430
   -0.0057364223
   -0.0054697929
   -0.0053708668
   -0.0054557973
   -0.0057107427
   -0.0060926705
   -0.0065317652
   -0.0069349991
   -0.0071900769
   -0.0071685078
   -0.0067257919
   -0.0056950936
   -0.0038665749
   -0.0009317602
   -0.0006765543
   -0.0037002069
   -0.0055923193
   -0.0066701601
   -0.0071472485
   -0.0071921902
   -0.0069506213
   -0.0065521135
   -0.0061102592
   -0.0057197023
   -0.0054521918
   -0.0053529395
   -0.0054380979
   -0.0056938220
   -0.0060770739
   -0.0065180351
   -0.0069236848
   -0.0071817608
   -0.0071638617
   -0.0067256979
   -0.0057009089
   -0.0038807591
   -0.0009595538
   -0.0013833805
   -0.0040903640
   -0.0058269467
   -0.0068315800
   -0.0072818057
   -0.0073270514
   -0.0071011449
   -0.0067254834
   -0.0063075862
   -0.0059375257
   -0.0056837834
   -0.0055895770
   -0.0056703556
   -0.0059128727
   -0.0062759808
   -0.0066930238
   -0.0070754390
   -0.0073168929
   -0.0072969366
   -0.0068826774
   -0.0059260682
   -0.0042523268
   -0.0016292455
   -0.0011686386
   -0.0038810119
   -0.0057338613
   -0.0068789322
   -0.0074584356
   -0.0076082687
   -0.0074592075
   -0.0071350451
   -0.0067483872
   -0.0063952134
   -0.0061493141
   -0.0060575597
   -0.0061367251
   -0.0063723239
   -0.0067196137
   -0.0071066324
   -0.0074388320
   -0.0076046044
   -0.0074807556
   -0.0069368199
   -0.0058370866
   -0.0040395449
   -0.0013924749
   -0.0024230235
   -0.0046412258
   -0.0062680715
   -0.0073094774
   -0.0078422290
   -0.0079750591
   -0.0078298666
   -0.0075295511
   -0.0071878104
   -0.0068998988
   -0.0067347066
   -0.0067288841
   -0.0068836639
   -0.0071647506
   -0.0075052928
   -0.0078115865
   -0.0079708711
   -0.0078604882
   -0.0073579876
   -0.0063530321
   -0.0047653672
   -0.0025815010
   -0.0040114377
   -0.0056264352
   -0.0069417417
   -0.0078321698
   -0.0083013322
   -0.0084211236
   -0.0082965572
   -0.0080430311
   -0.0077693469
   -0.0075641529
   -0.0074855910
   -0.0075546615
   -0.0077528411
   -0.0080241768
   -0.0082816585
   -0.0084173453
   -0.0083157134
   -0.0078703661
   -0.0070062409
   -0.0057136487
   -0.0041067508
   -0.0050454386
   -0.0059038867
   -0.0069872468
   -0.0079303558
   -0.0085658808
   -0.0088681165
   -0.0088960672
   -0.0087507648
   -0.0085437465
   -0.0083730580
   -0.0083055341
   -0.0083656352
   -0.0085314801
   -0.0087383814
   -0.0088896084
   -0.0088737389
   -0.0085882780
   -0.0079706740
   -0.0070402650
   -0.0059545707
   -0.0050670000
   -0.0071313583
   -0.0070602662
   -0.0075997067
   -0.0083317415
   -0.0089466498
   -0.0093058896
   -0.0094090778
   -0.0093377830
   -0.0092034580
   -0.0091057371
   -0.0091029392
   -0.0091964948
   -0.0093305667
   -0.0094068963
   -0.0093136586
   -0.0089666142
   -0.0083607767
   -0.0076268723
   -0.0070669277
   -0.0070983683
   -0.0102706534
   -0.0092504063
   -0.0085682958
   -0.0084779544
   -0.0088350138
   -0.0093227672
   -0.0096944921
   -0.0098612606
   -0.0098634545
   -0.0098013121
   -0.0097671539
   -0.0097983711
   -0.0098603038
   -0.0098620517
   -0.0097024188
   -0.0093371584
   -0.0088490437
   -0.0084794116
   -0.0085465380
   -0.0092077762
   -0.0102260270
   -0.0106026268
   -0.0103768858
   -0.0098598680
   -0.0094746814
   -0.0094919721
   -0.0097933456
   -0.0101000083
   -0.0102557540
   -0.0102818980
   -0.0102738523
   -0.0102810058
   -0.0102565432
   -0.0101048368
   -0.0098004690
   -0.0094941765
   -0.0094647660
   -0.0098407638
   -0.0103620452
   -0.0103724570
   -0.0102403530
   -0.0100746116
   -0.0101698939
   -0.0104023234
   -0.0105430314
   -0.0105749097
   -0.0105436614
   -0.0104047596
   -0.0101717542
   -0.0100711414
   -0.0102343677
   -0.0104427924
   -0.0104345568
   -0.0105745006
   -0.0106677355
   -0.0105752639
   -0.0104339413
   -0.0105927298
   -0.0004677852
    0.0014767805
    0.0026831687
    0.0032053768
    0.0003127603
    0.0023920923
    0.0038544732
    0.0048348541
    0.0054341023
   -0.0001876490
    0.0022747490
    0.0040728607
    0.0053886225
    0.0063654774
    0.0071313726
    0.0078067360
    0.0007593511
    0.0031287383
    0.0048801345
    0.0061994610
    0.0072322035
    0.0081171790
    0.0090140807
    0.0101361811
    0.0004164621
    0.0029607552
    0.0048450686
    0.0062733631
    0.0073961764
    0.0083494718
    0.0092868213
    0.0104196784
    0.0015991882
    0.0038408469
    0.0055229915
    0.0068192768
    0.0078660412
    0.0087962540
    0.0097713123
    0.0110291965
    0.0003991144
    0.0029509122
    0.0048385395
    0.0062672197
    0.0073878065
    0.0083357277
    0.0092628273
    0.0103763164
    0.0007300420
    0.0031120852
    0.0048682765
    0.0061866454
    0.0072128168
    0.0080838142
    0.0089544931
    0.0100264130
   -0.0002326607
    0.0022503479
    0.0040562296
    0.0053705898
    0.0063372669
    0.0070816026
    0.0077172348
    0.0002750079
    0.0023707390
    0.0038353390
    0.0048060894
    0.0053824255
   -0.0004998154
    0.0014592392
    0.0026636521
    0.0031700010
    0.0052466476
    0.0059483153
    0.0062707612
    0.0062370061
    0.0058164623
    0.0067760418
    0.0073229199
    0.0077143051
    0.0079516971
    0.0080284692
    0.0079475534
    0.0077104451
    0.0094791991
    0.0084394568
    0.0085639621
    0.0087750642
    0.0090033203
    0.0091920666
    0.0093117375
    0.0093622948
    0.0093719895
    0.0093920995
    0.0113044114
    0.0102703965
    0.0098664958
    0.0098037987
    0.0098957688
    0.0100334874
    0.0101595382
    0.0102559415
    0.0103398413
    0.0104653111
    0.0107317881
    0.0125151614
    0.0109267119
    0.0105239897
    0.0104457169
    0.0105091455
    0.0106168329
    0.0107233779
    0.0108221683
    0.0109426823
    0.0111567621
    0.0115981913
    0.0129167570
    0.0120169201
    0.0110640826
    0.0107139501
    0.0106501297
    0.0107101818
    0.0108088637
    0.0109087095
    0.0110086831
    0.0111428778
    0.0113884952
    0.0118889700
    0.0124360638
    0.0109646517
    0.0105395025
    0.0104483877
    0.0105034536
    0.0106048826
    0.0107059443
    0.0107990696
    0.0109127666
    0.0111174914
    0.0115444645
    0.0111610858
    0.0103727714
    0.0099114152
    0.0098171761
    0.0098895736
    0.0100134250
    0.0101279931
    0.0102131093
    0.0102839360
    0.0103919876
    0.0106323389
    0.0092937038
    0.0085434395
    0.0086054875
    0.0087792716
    0.0089827495
    0.0091525734
    0.0092550837
    0.0092870341
    0.0092731616
    0.0092595683
    0.0068103079
    0.0073153429
    0.0076768904
    0.0078898736
    0.0079426851
    0.0078336600
    0.0075588042
    0.0052262164
    0.0058936495
    0.0061856006
    0.0061196225
    0.0056590991
    0.0065244510
    0.0063650232
    0.0058483186
    0.0058218063
    0.0063528807
    0.0082322292
    0.0081659860
    0.0079652304
    0.0076308420
    0.0076089940
    0.0079514633
    0.0081590896
    0.0095155875
    0.0094903551
    0.0094253344
    0.0093625070
    0.0093629443
    0.0093585414
    0.0093564067
    0.0094195366
    0.0094868868
    0.0104088179
    0.0104031519
    0.0104017077
    0.0104592249
    0.0106774211
    0.0112251321
    0.0112585061
    0.0106908374
    0.0104624877
    0.0104009098
    0.0104019093
    0.0109317131
    0.0109348865
    0.0109616200
    0.0110691400
    0.0113695335
    0.0120671110
    0.0121184947
    0.0113922045
    0.0110776083
    0.0109637538
    0.0109349898
    0.0110944283
    0.0110999242
    0.0111335834
    0.0112506777
    0.0115603672
    0.0122640887
    0.0123208680
    0.0115863355
    0.0112612770
    0.0111370353
    0.0111006647
    0.0108999173
    0.0109028780
    0.0109296823
    0.0110377906
    0.0113399114
    0.0120419970
    0.0121006000
    0.0113668289
    0.0110488250
    0.0109332962
    0.0109036618
    0.0103446256
    0.0103384729
    0.0103370023
    0.0103953909
    0.0106165218
    0.0111722976
    0.0112205451
    0.0106386877
    0.0104039224
    0.0103392314
    0.0103386185
    0.0094176546
    0.0093914981
    0.0093258442
    0.0092631264
    0.0092655770
    0.0092745956
    0.0092651403
    0.0093247002
    0.0093901586
    0.0080981400
    0.0080301368
    0.0078268057
    0.0074887755
    0.0074779416
    0.0078193963
    0.0080261480
    0.0063501225
    0.0061870327
    0.0056619980
    0.0056435560
    0.0061786182
    0.0058026016
    0.0062367842
    0.0062821588
    0.0059713570
    0.0052832990
    0.0077014367
    0.0079458112
    0.0080333161
    0.0079633037
    0.0077326248
    0.0073477699
    0.0068084766
    0.0094854866
    0.0093961094
    0.0093750705
    0.0093667594
    0.0093193129
    0.0092033813
    0.0090177481
    0.0087907159
    0.0085779667
    0.0084491602
    0.0113449524
    0.0107523901
    0.0104759773
    0.0103467089
    0.0102626614
    0.0101678349
    0.0100433704
    0.0099054658
    0.0098093740
    0.0098610048
    0.0102420174
    0.0125854658
    0.0116328329
    0.0111740447
    0.0109520887
    0.0108289522
    0.0107301754
    0.0106242758
    0.0105159507
    0.0104483058
    0.0105154065
    0.0108939643
    0.0129992357
    0.0119291934
    0.0114082023
    0.0111529115
    0.0110149568
    0.0109142579
    0.0108146311
    0.0107152045
    0.0106512314
    0.0107047606
    0.0110326101
    0.0119388373
    0.0125067870
    0.0115781509
    0.0111330729
    0.0109200090
    0.0108033570
    0.0107099610
    0.0106092535
    0.0105068372
    0.0104470781
    0.0105262904
    0.0109260032
    0.0112013596
    0.0106504345
    0.0103988834
    0.0102862161
    0.0102146219
    0.0101305154
    0.0100169113
    0.0098920818
    0.0098144294
    0.0098957964
    0.0103310091
    0.0092972966
    0.0092585697
    0.0092698065
    0.0092840510
    0.0092543536
    0.0091546978
    0.0089869098
    0.0087831751
    0.0086055140
    0.0085355353
    0.0075412798
    0.0078221322
    0.0079366503
    0.0078894645
    0.0076818087
    0.0073248948
    0.0068246731
    0.0056324079
    0.0061055718
    0.0061818724
    0.0058997966
    0.0052434308
    0.0032199905
    0.0027175528
    0.0015321428
   -0.0003887259
    0.0054584038
    0.0048717383
    0.0039073500
    0.0024659925
    0.0004139290
    0.0078439480
    0.0071690606
    0.0064092274
    0.0054443971
    0.0041469546
    0.0023746256
   -0.0000520195
    0.0102093362
    0.0090674925
    0.0081643969
    0.0072826229
    0.0062605985
    0.0049590818
    0.0032336858
    0.0009016155
    0.0104941889
    0.0093423410
    0.0084004265
    0.0074521192
    0.0063419044
    0.0049336849
    0.0030786236
    0.0005768879
    0.0111140478
    0.0098306148
    0.0088471724
    0.0079191719
    0.0068825134
    0.0056035265
    0.0039468738
    0.0017420368
    0.0104442637
    0.0093132726
    0.0083824160
    0.0074399434
    0.0063321990
    0.0049236658
    0.0030651773
    0.0005555519
    0.0100845931
    0.0089967872
    0.0081219715
    0.0072553475
    0.0062405462
    0.0049402625
    0.0032099843
    0.0008646921
    0.0077374614
    0.0071055227
    0.0063691291
    0.0054155359
    0.0041199544
    0.0023397432
   -0.0001083657
    0.0053890842
    0.0048276300
    0.0038741415
    0.0024310059
    0.0003621279
    0.0031642991
    0.0026800418
    0.0014976900
   -0.0004377450
