Run semi-empirical minimization
 &qmmm
  maxcyc=0  qmcharge=0,
 /
  16     S       -0.7270        1.2770        0.0000 
   6     C       -2.2540        0.4740        0.0000 
   6    C1       -2.1290       -0.8940        0.0000 
   6    C2       -0.7720       -1.3100        0.0000 
   6    C3        0.1200       -0.2550        0.0000 
   6    C4        1.5910       -0.2390        0.0000 
   6    C5        2.3470       -1.5600        0.0000 
   8     O        2.2060        0.8200        0.0000 
   1     H       -3.1710        1.0500        0.0000 
   1    H1       -2.9730       -1.5750        0.0000 
   1    H2       -0.4660       -2.3490        0.0000 
   1    H3        1.7120       -2.4480        0.0000 
   1    H4        2.9960       -1.5850       -0.8810 
   1    H5        2.9960       -1.5850        0.8810 

