   -0.0122078850
   -0.0133780480
   -0.0135386090
   -0.0116715935
   -0.0106361507
   -0.0109001564
   -0.0118651555
   -0.0142061506
   -0.0153598569
   -0.0147382986
   -0.0126188115
   -0.0099831290
   -0.0083783698
   -0.0086974164
   -0.0097275621
   -0.0099042671
   -0.0102353142
   -0.0111570165
   -0.0123362048
   -0.0152125211
   -0.0171810427
   -0.0170176537
   -0.0153930906
   -0.0127233965
   -0.0093777286
   -0.0061967371
   -0.0044185449
   -0.0049780308
   -0.0074579073
   -0.0098064514
   -0.0099550438
   -0.0091985914
   -0.0098861599
   -0.0104536628
   -0.0102873465
   -0.0119445215
   -0.0178636916
   -0.0207781530
   -0.0201928589
   -0.0181888627
   -0.0156520961
   -0.0125574318
   -0.0088393919
   -0.0048050610
   -0.0011756071
    0.0010747401
    0.0010626559
   -0.0111787675
   -0.0290307804
   -0.0264805890
   -0.0224273856
   -0.0188207992
   -0.0155867220
   -0.0122070490
   -0.0083445374
   -0.0039995221
    0.0005124464
    0.0046565170
    0.0078145380
    0.0094681436
   -0.0375263955
   -0.0285592046
   -0.0221638453
   -0.0176853770
   -0.0139325303
   -0.0100788682
   -0.0057329704
   -0.0008671956
    0.0042907288
    0.0094018786
    0.0142472376
   -0.0362600340
   -0.0258810924
   -0.0196308668
   -0.0152003432
   -0.0111903205
   -0.0068763382
   -0.0019937247
    0.0034185392
    0.0091740753
    0.0151782025
    0.0220298054
   -0.0421679574
   -0.0285332547
   -0.0209021649
   -0.0159248251
   -0.0117476294
   -0.0074268743
   -0.0025647658
    0.0028952390
    0.0088366609
    0.0152036062
    0.0225808789
   -0.0421679574
   -0.0285332547
   -0.0209021649
   -0.0159248251
   -0.0117476294
   -0.0074268743
   -0.0025647658
    0.0028952390
    0.0088366609
    0.0152036062
    0.0225808789
   -0.0362600340
   -0.0258810924
   -0.0196308668
   -0.0152003432
   -0.0111903205
   -0.0068763382
   -0.0019937247
    0.0034185392
    0.0091740753
    0.0151782025
    0.0220298054
   -0.0375263955
   -0.0285592046
   -0.0221638453
   -0.0176853770
   -0.0139325303
   -0.0100788682
   -0.0057329704
   -0.0008671956
    0.0042907288
    0.0094018786
    0.0142472376
   -0.0290307804
   -0.0264805890
   -0.0224273856
   -0.0188207992
   -0.0155867220
   -0.0122070490
   -0.0083445374
   -0.0039995221
    0.0005124464
    0.0046565170
    0.0078145380
    0.0094681436
   -0.0178636916
   -0.0207781530
   -0.0201928589
   -0.0181888627
   -0.0156520961
   -0.0125574318
   -0.0088393919
   -0.0048050610
   -0.0011756071
    0.0010747401
    0.0010626559
   -0.0111787675
   -0.0152125211
   -0.0171810427
   -0.0170176537
   -0.0153930906
   -0.0127233965
   -0.0093777286
   -0.0061967371
   -0.0044185449
   -0.0049780308
   -0.0074579073
   -0.0098064514
   -0.0099550438
   -0.0091985914
   -0.0098861599
   -0.0104536628
   -0.0102873465
   -0.0119445215
   -0.0142061506
   -0.0153598569
   -0.0147382986
   -0.0126188115
   -0.0099831290
   -0.0083783698
   -0.0086974164
   -0.0097275621
   -0.0099042671
   -0.0102353142
   -0.0111570165
   -0.0123362048
   -0.0133780480
   -0.0135386090
   -0.0116715935
   -0.0106361507
   -0.0109001564
   -0.0118651555
   -0.0122078850
   -0.0099450972
   -0.0081254761
   -0.0058394113
   -0.0069903193
   -0.0111470896
   -0.0123418081
   -0.0000592200
    0.0004143596
   -0.0017150786
   -0.0058528471
    0.0050808153
    0.0074662605
    0.0055769790
    0.0018752614
    0.0104525558
    0.0104525558
    0.0050808153
    0.0074662605
    0.0055769790
    0.0018752614
   -0.0000592200
    0.0004143596
   -0.0017150786
   -0.0058528471
   -0.0081254761
   -0.0058394113
   -0.0069903193
   -0.0111470896
   -0.0123418081
   -0.0099450972
   -0.0101565502
   -0.0111154864
   -0.0126150342
   -0.0118313114
   -0.0076134633
   -0.0056517960
   -0.0079039856
   -0.0104506133
   -0.0075690248
   -0.0032055986
   -0.0003927070
    0.0001721708
   -0.0013627162
   -0.0044335724
   -0.0003323625
    0.0030890421
    0.0060319397
    0.0073284490
    0.0058505488
    0.0039895358
    0.0083251734
    0.0130308825
    0.0119862813
    0.0172094410
    0.0240450019
    0.0240450019
    0.0172094410
    0.0083251734
    0.0130308825
    0.0119862813
   -0.0003323625
    0.0030890421
    0.0060319397
    0.0073284490
    0.0058505488
    0.0039895358
   -0.0104506133
   -0.0075690248
   -0.0032055986
   -0.0003927070
    0.0001721708
   -0.0013627162
   -0.0044335724
   -0.0111154864
   -0.0126150342
   -0.0118313114
   -0.0076134633
   -0.0056517960
   -0.0079039856
   -0.0101565502
   -0.0077990541
   -0.0068887742
   -0.0105596613
   -0.0105323203
   -0.0083959679
   -0.0040304859
   -0.0030074923
   -0.0039678309
   -0.0103655282
   -0.0035667347
    0.0008288851
    0.0033831085
    0.0033552678
    0.0006728556
    0.0069100981
    0.0099089669
    0.0115386810
    0.0094300487
    0.0066808028
    0.0122033111
    0.0150687533
    0.0183375168
    0.0203949017
    0.0203949017
    0.0122033111
    0.0150687533
    0.0183375168
    0.0069100981
    0.0099089669
    0.0115386810
    0.0094300487
    0.0066808028
   -0.0039678309
   -0.0103655282
   -0.0035667347
    0.0008288851
    0.0033831085
    0.0033552678
    0.0006728556
   -0.0068887742
   -0.0105596613
   -0.0105323203
   -0.0083959679
   -0.0040304859
   -0.0030074923
   -0.0077990541
   -0.0097055147
   -0.0053297467
   -0.0089069307
   -0.0108959248
   -0.0104743573
   -0.0064325524
   -0.0002876286
    0.0084635245
    0.0084635245
   -0.0002876286
   -0.0053297467
   -0.0089069307
   -0.0108959248
   -0.0104743573
   -0.0064325524
   -0.0097055147
    0.0018678731
    0.0014422435
   -0.0057890112
   -0.0041064188
    0.0005492371
    0.0061761915
    0.0080628463
    0.0001898094
   -0.0117958057
   -0.0153577701
   -0.0091005849
    0.0085187420
    0.0111090169
    0.0111090169
    0.0001898094
   -0.0117958057
   -0.0153577701
   -0.0091005849
    0.0085187420
    0.0014422435
   -0.0057890112
   -0.0041064188
    0.0005492371
    0.0061761915
    0.0080628463
    0.0018678731
    0.0112578091
    0.0111862115
    0.0117515373
    0.0123494772
    0.0129083957
    0.0137197661
    0.0125322821
    0.0124597322
    0.0112296034
    0.0100387541
    0.0092595678
    0.0035108022
   -0.0008736417
   -0.0079610588
   -0.0195785805
    0.0094699677
    0.0083360545
    0.0077617707
    0.0071728723
    0.0059812406
    0.0100387541
    0.0092595678
    0.0112296034
    0.0124597322
    0.0123494772
    0.0129083957
    0.0137197661
    0.0125322821
    0.0112578091
    0.0111862115
    0.0117515373
   -0.0242934694
   -0.0281158920
   -0.0326196058
   -0.0296192274
   -0.0203344972
   -0.0178148199
   -0.0321800306
   -0.0372820332
   -0.0389964853
   -0.0381636150
   -0.0341461866
   -0.0260945521
   -0.0224457873
   -0.0364771627
   -0.0412543589
   -0.0433238492
   -0.0439294231
   -0.0434365057
   -0.0411109818
   -0.0353840432
   -0.0273460079
   -0.0406222905
   -0.0447745384
   -0.0466541811
   -0.0473523700
   -0.0475457364
   -0.0473182284
   -0.0460404952
   -0.0422810119
   -0.0328105294
   -0.0439660948
   -0.0476638703
   -0.0492695707
   -0.0497751701
   -0.0499007932
   -0.0499518207
   -0.0496956144
   -0.0482323027
   -0.0436748896
   -0.0249640333
   -0.0369964431
   -0.0458437980
   -0.0493174026
   -0.0507366760
   -0.0510811021
   -0.0510981133
   -0.0511545935
   -0.0511086325
   -0.0501683215
   -0.0465398579
   -0.0280096524
   -0.0392247773
   -0.0458437980
   -0.0493174026
   -0.0507366760
   -0.0510811021
   -0.0510981133
   -0.0511545935
   -0.0511086325
   -0.0501683215
   -0.0465398579
   -0.0280096524
   -0.0392247773
   -0.0439660948
   -0.0476638703
   -0.0492695707
   -0.0497751701
   -0.0499007932
   -0.0499518207
   -0.0496956144
   -0.0482323027
   -0.0436748896
   -0.0249640333
   -0.0369964431
   -0.0406222905
   -0.0447745384
   -0.0466541811
   -0.0473523700
   -0.0475457364
   -0.0473182284
   -0.0460404952
   -0.0422810119
   -0.0328105294
   -0.0364771627
   -0.0412543589
   -0.0433238492
   -0.0439294231
   -0.0434365057
   -0.0411109818
   -0.0353840432
   -0.0273460079
   -0.0321800306
   -0.0372820332
   -0.0389964853
   -0.0381636150
   -0.0341461866
   -0.0260945521
   -0.0224457873
   -0.0281158920
   -0.0326196058
   -0.0296192274
   -0.0203344972
   -0.0178148199
   -0.0242934694
    0.0113904493
    0.0110424574
    0.0144078048
    0.0165671768
    0.0173885929
    0.0164305583
    0.0135231225
    0.0183386934
    0.0196591072
    0.0209509444
    0.0215549435
    0.0212372660
    0.0200045888
    0.0179905734
    0.0218484367
    0.0225585261
    0.0235937645
    0.0242432521
    0.0242585896
    0.0236458459
    0.0226236487
    0.0216716731
    0.0242856154
    0.0235854870
    0.0243116500
    0.0251692621
    0.0256589475
    0.0256224245
    0.0251109794
    0.0243872389
    0.0240460534
    0.0254805129
    0.0242856154
    0.0235854870
    0.0243116500
    0.0251692621
    0.0256589475
    0.0256224245
    0.0251109794
    0.0243872389
    0.0240460534
    0.0254805129
    0.0218484367
    0.0225585261
    0.0235937645
    0.0242432521
    0.0242585896
    0.0236458459
    0.0226236487
    0.0216716731
    0.0183386934
    0.0196591072
    0.0209509444
    0.0215549435
    0.0212372660
    0.0200045888
    0.0179905734
    0.0144078048
    0.0165671768
    0.0173885929
    0.0164305583
    0.0135231225
    0.0113904493
    0.0110424574
    0.0090771266
    0.0103972926
    0.0106806422
    0.0140004030
    0.0156136016
    0.0156607831
    0.0142343734
    0.0153892159
    0.0173194137
    0.0187859624
    0.0196352681
    0.0197672881
    0.0192341204
    0.0182440994
    0.0170999459
    0.0202416550
    0.0202319792
    0.0210124072
    0.0218399742
    0.0223428677
    0.0223903328
    0.0220588915
    0.0216486454
    0.0217654404
    0.0231815661
    0.0221752234
    0.0224940325
    0.0231185580
    0.0235879638
    0.0237243479
    0.0235524227
    0.0233041582
    0.0235123323
    0.0253439024
    0.0231815661
    0.0221752234
    0.0224940325
    0.0231185580
    0.0235879638
    0.0237243479
    0.0235524227
    0.0233041582
    0.0235123323
    0.0253439024
    0.0202416550
    0.0202319792
    0.0210124072
    0.0218399742
    0.0223428677
    0.0223903328
    0.0220588915
    0.0216486454
    0.0217654404
    0.0153892159
    0.0173194137
    0.0187859624
    0.0196352681
    0.0197672881
    0.0192341204
    0.0182440994
    0.0170999459
    0.0106806422
    0.0140004030
    0.0156136016
    0.0156607831
    0.0142343734
    0.0090771266
    0.0103972926
    0.0131025797
    0.0147263782
    0.0166384860
    0.0143104377
    0.0176282276
    0.0197394019
    0.0205561388
    0.0197222396
    0.0189026973
    0.0208690640
    0.0226818726
    0.0241919424
    0.0254274838
    0.0265959529
    0.0231733801
    0.0238903340
    0.0251912095
    0.0266285419
    0.0282134251
    0.0306243034
    0.0258916698
    0.0253077143
    0.0260842723
    0.0273257363
    0.0288092679
    0.0309141244
    0.0258916698
    0.0253077143
    0.0260842723
    0.0273257363
    0.0288092679
    0.0309141244
    0.0231733801
    0.0238903340
    0.0251912095
    0.0266285419
    0.0282134251
    0.0306243034
    0.0189026973
    0.0208690640
    0.0226818726
    0.0241919424
    0.0254274838
    0.0265959529
    0.0166384860
    0.0143104377
    0.0176282276
    0.0197394019
    0.0205561388
    0.0197222396
    0.0131025797
    0.0147263782
    0.0143007690
    0.0144413453
    0.0129577025
    0.0178450425
    0.0192604688
    0.0180639944
    0.0155434994
    0.0132115266
    0.0266250297
    0.0233684003
    0.0200321941
    0.0168172710
    0.0139514019
    0.0276707307
    0.0229627134
    0.0192099917
    0.0158581447
    0.0130674638
    0.0329397057
    0.0262947657
    0.0219326739
    0.0183163196
    0.0150729861
    0.0124470928
    0.0329397057
    0.0262947657
    0.0219326739
    0.0183163196
    0.0150729861
    0.0124470928
    0.0276707307
    0.0229627134
    0.0192099917
    0.0158581447
    0.0130674638
    0.0266250297
    0.0233684003
    0.0200321941
    0.0168172710
    0.0139514019
    0.0178450425
    0.0192604688
    0.0180639944
    0.0155434994
    0.0132115266
    0.0143007690
    0.0144413453
    0.0129577025
    0.0033009935
   -0.0008597181
    0.0075448538
    0.0059044980
    0.0044247270
    0.0006377263
   -0.0051563407
   -0.0139489212
    0.0097495015
    0.0090369843
    0.0082143266
    0.0068084336
    0.0066455113
    0.0032214693
   -0.0018423702
   -0.0089809540
   -0.0179950435
    0.0111341151
    0.0108022657
    0.0105850883
    0.0100287021
    0.0088115424
    0.0087889568
    0.0056476225
    0.0011946748
   -0.0043790518
   -0.0096266853
   -0.0100214659
    0.0121461513
    0.0118524462
    0.0119908014
    0.0120903836
    0.0117774277
    0.0107597976
    0.0104101990
    0.0076219545
    0.0039688037
    0.0003388721
   -0.0011621390
    0.0018445888
    0.0080401550
    0.0119459355
    0.0114238760
    0.0116642751
    0.0120689183
    0.0125765358
    0.0129665550
    0.0129208045
    0.0121435910
    0.0113452178
    0.0087707111
    0.0060481819
    0.0051046111
    0.0069568019
    0.0093058209
    0.0103883431
    0.0110942800
    0.0119426741
    0.0127700763
    0.0132208374
    0.0128544050
    0.0115859992
    0.0094018359
    0.0092112998
    0.0106547672
    0.0119676168
    0.0126413072
    0.0112568509
    0.0112568509
    0.0115859992
    0.0094018359
    0.0092112998
    0.0106547672
    0.0119676168
    0.0126413072
    0.0113452178
    0.0087707111
    0.0060481819
    0.0051046111
    0.0069568019
    0.0093058209
    0.0103883431
    0.0110942800
    0.0119426741
    0.0127700763
    0.0132208374
    0.0128544050
    0.0104101990
    0.0076219545
    0.0039688037
    0.0003388721
   -0.0011621390
    0.0018445888
    0.0080401550
    0.0119459355
    0.0114238760
    0.0116642751
    0.0120689183
    0.0125765358
    0.0129665550
    0.0129208045
    0.0121435910
    0.0087889568
    0.0056476225
    0.0011946748
   -0.0043790518
   -0.0096266853
   -0.0100214659
    0.0121461513
    0.0118524462
    0.0119908014
    0.0120903836
    0.0117774277
    0.0107597976
    0.0066455113
    0.0032214693
   -0.0018423702
   -0.0089809540
   -0.0179950435
    0.0111341151
    0.0108022657
    0.0105850883
    0.0100287021
    0.0088115424
    0.0044247270
    0.0006377263
   -0.0051563407
   -0.0139489212
    0.0097495015
    0.0090369843
    0.0082143266
    0.0068084336
    0.0033009935
   -0.0008597181
    0.0075448538
    0.0059044980
   -0.0108468176
   -0.0119840959
   -0.0118794062
   -0.0103116834
   -0.0095636196
   -0.0099804391
   -0.0108313429
   -0.0130835757
   -0.0137633266
   -0.0129631335
   -0.0111323973
   -0.0091077763
   -0.0079064340
   -0.0081022877
   -0.0089902179
   -0.0094830943
   -0.0098527533
   -0.0104990639
   -0.0115795182
   -0.0145046037
   -0.0157709449
   -0.0154560078
   -0.0140327040
   -0.0119632525
   -0.0095637398
   -0.0072438788
   -0.0055966575
   -0.0052299357
   -0.0063358173
   -0.0082223914
   -0.0095459816
   -0.0097030879
   -0.0096336294
   -0.0099500126
   -0.0101093747
   -0.0104858376
   -0.0121716071
   -0.0171237285
   -0.0190322602
   -0.0185847887
   -0.0168757926
   -0.0146617423
   -0.0121704900
   -0.0094493745
   -0.0066312861
   -0.0040299349
   -0.0021289339
   -0.0015027333
   -0.0026034167
   -0.0104795515
   -0.0129663199
   -0.0252361449
   -0.0238454100
   -0.0209598138
   -0.0179248553
   -0.0150559438
   -0.0122391919
   -0.0093175355
   -0.0062487606
   -0.0031421791
   -0.0002445847
    0.0020808486
    0.0033593390
   -0.0270714373
   -0.0220245734
   -0.0180113460
   -0.0146609284
   -0.0115585548
   -0.0084220546
   -0.0051312451
   -0.0017072412
    0.0017263666
    0.0049845713
    0.0078473659
   -0.0271600343
   -0.0212282307
   -0.0169026758
   -0.0133670446
   -0.0100837437
   -0.0067479735
   -0.0032313622
    0.0004730102
    0.0043091551
    0.0082297246
    0.0123038400
   -0.0325190668
   -0.0242848549
   -0.0188158481
   -0.0147383169
   -0.0112328245
   -0.0078312902
   -0.0042948509
   -0.0005337316
    0.0034608582
    0.0076958145
    0.0123066544
   -0.0361558457
   -0.0262391799
   -0.0199674048
   -0.0155077207
   -0.0118350123
   -0.0083758196
   -0.0048275170
   -0.0010565809
    0.0029767832
    0.0072991950
    0.0120532556
    0.0178103458
   -0.0361558457
   -0.0262391799
   -0.0199674048
   -0.0155077207
   -0.0118350123
   -0.0083758196
   -0.0048275170
   -0.0010565809
    0.0029767832
    0.0072991950
    0.0120532556
    0.0178103458
   -0.0325190668
   -0.0242848549
   -0.0188158481
   -0.0147383169
   -0.0112328245
   -0.0078312902
   -0.0042948509
   -0.0005337316
    0.0034608582
    0.0076958145
    0.0123066544
   -0.0271600343
   -0.0212282307
   -0.0169026758
   -0.0133670446
   -0.0100837437
   -0.0067479735
   -0.0032313622
    0.0004730102
    0.0043091551
    0.0082297246
    0.0123038400
   -0.0270714373
   -0.0220245734
   -0.0180113460
   -0.0146609284
   -0.0115585548
   -0.0084220546
   -0.0051312451
   -0.0017072412
    0.0017263666
    0.0049845713
    0.0078473659
   -0.0252361449
   -0.0238454100
   -0.0209598138
   -0.0179248553
   -0.0150559438
   -0.0122391919
   -0.0093175355
   -0.0062487606
   -0.0031421791
   -0.0002445847
    0.0020808486
    0.0033593390
   -0.0171237285
   -0.0190322602
   -0.0185847887
   -0.0168757926
   -0.0146617423
   -0.0121704900
   -0.0094493745
   -0.0066312861
   -0.0040299349
   -0.0021289339
   -0.0015027333
   -0.0026034167
   -0.0104795515
   -0.0129663199
   -0.0145046037
   -0.0157709449
   -0.0154560078
   -0.0140327040
   -0.0119632525
   -0.0095637398
   -0.0072438788
   -0.0055966575
   -0.0052299357
   -0.0063358173
   -0.0082223914
   -0.0095459816
   -0.0097030879
   -0.0096336294
   -0.0099500126
   -0.0101093747
   -0.0104858376
   -0.0121716071
   -0.0130835757
   -0.0137633266
   -0.0129631335
   -0.0111323973
   -0.0091077763
   -0.0079064340
   -0.0081022877
   -0.0089902179
   -0.0094830943
   -0.0098527533
   -0.0104990639
   -0.0115795182
   -0.0119840959
   -0.0118794062
   -0.0103116834
   -0.0095636196
   -0.0099804391
   -0.0108313429
   -0.0108468176
   -0.0085630092
   -0.0057521526
   -0.0059730511
   -0.0087786045
   -0.0104132077
   -0.0019081168
   -0.0010614073
   -0.0021896098
   -0.0048853182
    0.0029530868
    0.0042708890
    0.0041408420
    0.0026555732
    0.0002654219
    0.0071214229
    0.0072209604
    0.0049172144
    0.0111357355
    0.0111357355
    0.0071214229
    0.0072209604
    0.0049172144
    0.0029530868
    0.0042708890
    0.0041408420
    0.0026555732
    0.0002654219
   -0.0019081168
   -0.0010614073
   -0.0021896098
   -0.0048853182
   -0.0057521526
   -0.0059730511
   -0.0087786045
   -0.0104132077
   -0.0085630092
   -0.0078910075
   -0.0090986139
   -0.0102710851
   -0.0090661705
   -0.0058710896
   -0.0045132533
   -0.0063025549
   -0.0105742161
   -0.0059865574
   -0.0028026725
   -0.0008257579
   -0.0004024183
   -0.0015262197
   -0.0040326051
   -0.0012592466
    0.0013487720
    0.0033041669
    0.0043625254
    0.0043600178
    0.0035050677
    0.0019743952
    0.0054241628
    0.0073970732
    0.0091816838
    0.0081531805
    0.0111520799
    0.0134457972
    0.0164107157
    0.0223910037
    0.0223910037
    0.0164107157
    0.0111520799
    0.0134457972
    0.0054241628
    0.0073970732
    0.0091816838
    0.0081531805
   -0.0012592466
    0.0013487720
    0.0033041669
    0.0043625254
    0.0043600178
    0.0035050677
    0.0019743952
   -0.0105742161
   -0.0059865574
   -0.0028026725
   -0.0008257579
   -0.0004024183
   -0.0015262197
   -0.0040326051
   -0.0090986139
   -0.0102710851
   -0.0090661705
   -0.0058710896
   -0.0045132533
   -0.0063025549
   -0.0078910075
   -0.0063421798
   -0.0055430786
   -0.0087216517
   -0.0089936870
   -0.0069161017
   -0.0034648972
   -0.0026540022
   -0.0036557395
   -0.0104572697
   -0.0033755036
    0.0000425164
    0.0019278972
    0.0019112696
   -0.0000626217
    0.0042680773
    0.0063803006
    0.0075143072
    0.0073545287
    0.0059172686
    0.0036434241
    0.0083824195
    0.0105962451
    0.0110979737
    0.0142856195
    0.0142856195
    0.0083824195
    0.0105962451
    0.0110979737
    0.0042680773
    0.0063803006
    0.0075143072
    0.0073545287
    0.0059172686
    0.0036434241
   -0.0036557395
   -0.0104572697
   -0.0033755036
    0.0000425164
    0.0019278972
    0.0019112696
   -0.0000626217
   -0.0055430786
   -0.0087216517
   -0.0089936870
   -0.0069161017
   -0.0034648972
   -0.0026540022
   -0.0063421798
   -0.0088924279
   -0.0062585634
   -0.0094163550
   -0.0101366797
   -0.0087344201
   -0.0059900523
   -0.0016405629
    0.0040083757
    0.0040083757
   -0.0016405629
   -0.0062585634
   -0.0094163550
   -0.0101366797
   -0.0087344201
   -0.0059900523
   -0.0088924279
   -0.0015986929
   -0.0015268263
   -0.0070464394
   -0.0063692353
   -0.0027870017
    0.0017897282
    0.0033522915
   -0.0020196908
   -0.0105449953
   -0.0142275512
   -0.0107028816
    0.0037802208
    0.0054156056
    0.0054156056
   -0.0020196908
   -0.0105449953
   -0.0142275512
   -0.0107028816
    0.0037802208
   -0.0015268263
   -0.0070464394
   -0.0063692353
   -0.0027870017
    0.0017897282
    0.0033522915
   -0.0015986929
    0.0074024851
    0.0085100446
    0.0068580232
    0.0087340166
    0.0101593359
    0.0105085453
    0.0117848095
    0.0111810054
    0.0106882557
    0.0098367163
    0.0089552050
    0.0090729321
    0.0079138586
    0.0073477688
    0.0013229796
   -0.0025103223
   -0.0083672254
   -0.0174608289
    0.0086853932
    0.0074633601
    0.0067068824
    0.0060576208
    0.0051908544
    0.0037452309
    0.0090729321
    0.0079138586
    0.0073477688
    0.0098367163
    0.0089552050
    0.0106882557
    0.0117848095
    0.0111810054
    0.0068580232
    0.0087340166
    0.0101593359
    0.0105085453
    0.0074024851
    0.0085100446
   -0.0196738839
   -0.0219873961
   -0.0256772154
   -0.0237318958
   -0.0174577394
   -0.0147597993
   -0.0244829714
   -0.0288432577
   -0.0305319145
   -0.0299952990
   -0.0271404207
   -0.0218973549
   -0.0171367211
   -0.0271642697
   -0.0313282780
   -0.0335512158
   -0.0344362154
   -0.0342581684
   -0.0328855341
   -0.0298986879
   -0.0203486979
   -0.0299075247
   -0.0337859188
   -0.0359924324
   -0.0371114604
   -0.0375246959
   -0.0373498051
   -0.0364111346
   -0.0342582910
   -0.0235905848
   -0.0324443470
   -0.0360956177
   -0.0381661309
   -0.0392285144
   -0.0396980552
   -0.0397811417
   -0.0394292997
   -0.0383090179
   -0.0357510030
   -0.0264700271
   -0.0344195252
   -0.0377468510
   -0.0396639053
   -0.0406568370
   -0.0411147800
   -0.0412819799
   -0.0412138942
   -0.0407410247
   -0.0394204363
   -0.0291177864
   -0.0355042095
   -0.0386922194
   -0.0405200884
   -0.0414481251
   -0.0418622909
   -0.0420191184
   -0.0419995556
   -0.0416698167
   -0.0406288769
   -0.0380576541
   -0.0230507794
   -0.0304745117
   -0.0355042095
   -0.0386922194
   -0.0405200884
   -0.0414481251
   -0.0418622909
   -0.0420191184
   -0.0419995556
   -0.0416698167
   -0.0406288769
   -0.0380576541
   -0.0230507794
   -0.0304745117
   -0.0344195252
   -0.0377468510
   -0.0396639053
   -0.0406568370
   -0.0411147800
   -0.0412819799
   -0.0412138942
   -0.0407410247
   -0.0394204363
   -0.0291177864
   -0.0324443470
   -0.0360956177
   -0.0381661309
   -0.0392285144
   -0.0396980552
   -0.0397811417
   -0.0394292997
   -0.0383090179
   -0.0357510030
   -0.0264700271
   -0.0299075247
   -0.0337859188
   -0.0359924324
   -0.0371114604
   -0.0375246959
   -0.0373498051
   -0.0364111346
   -0.0342582910
   -0.0235905848
   -0.0271642697
   -0.0313282780
   -0.0335512158
   -0.0344362154
   -0.0342581684
   -0.0328855341
   -0.0298986879
   -0.0203486979
   -0.0244829714
   -0.0288432577
   -0.0305319145
   -0.0299952990
   -0.0271404207
   -0.0218973549
   -0.0171367211
   -0.0219873961
   -0.0256772154
   -0.0237318958
   -0.0174577394
   -0.0147597993
   -0.0196738839
    0.0090962129
    0.0112228575
    0.0120343262
    0.0113448729
    0.0089108031
    0.0119034790
    0.0135940440
    0.0148574069
    0.0154604980
    0.0152992853
    0.0143417846
    0.0125035441
    0.0149755717
    0.0159154913
    0.0169545868
    0.0177149444
    0.0180333234
    0.0178735042
    0.0172894252
    0.0163910580
    0.0172652345
    0.0177788562
    0.0185842922
    0.0192673817
    0.0196516841
    0.0196905775
    0.0194339829
    0.0190304145
    0.0187546735
    0.0185135209
    0.0184979814
    0.0191502399
    0.0198549221
    0.0203508785
    0.0205453824
    0.0204548993
    0.0202001507
    0.0200433919
    0.0205036252
    0.0185135209
    0.0184979814
    0.0191502399
    0.0198549221
    0.0203508785
    0.0205453824
    0.0204548993
    0.0202001507
    0.0200433919
    0.0205036252
    0.0172652345
    0.0177788562
    0.0185842922
    0.0192673817
    0.0196516841
    0.0196905775
    0.0194339829
    0.0190304145
    0.0187546735
    0.0149755717
    0.0159154913
    0.0169545868
    0.0177149444
    0.0180333234
    0.0178735042
    0.0172894252
    0.0163910580
    0.0119034790
    0.0135940440
    0.0148574069
    0.0154604980
    0.0152992853
    0.0143417846
    0.0125035441
    0.0090962129
    0.0112228575
    0.0120343262
    0.0113448729
    0.0089108031
    0.0071469978
    0.0098947676
    0.0112628567
    0.0113510049
    0.0101823716
    0.0104884185
    0.0125416546
    0.0138369481
    0.0145533118
    0.0147124403
    0.0143471209
    0.0134916349
    0.0148279023
    0.0155549148
    0.0162613481
    0.0168036095
    0.0170796557
    0.0170745253
    0.0168684075
    0.0166242021
    0.0165295000
    0.0180509079
    0.0175635277
    0.0177389845
    0.0181226900
    0.0184643929
    0.0186496574
    0.0186729274
    0.0186342982
    0.0187588741
    0.0194479261
    0.0212339019
    0.0191269544
    0.0186362042
    0.0187728231
    0.0190783679
    0.0193298757
    0.0194483194
    0.0194691687
    0.0195508210
    0.0200265103
    0.0215602080
    0.0212339019
    0.0191269544
    0.0186362042
    0.0187728231
    0.0190783679
    0.0193298757
    0.0194483194
    0.0194691687
    0.0195508210
    0.0200265103
    0.0215602080
    0.0180509079
    0.0175635277
    0.0177389845
    0.0181226900
    0.0184643929
    0.0186496574
    0.0186729274
    0.0186342982
    0.0187588741
    0.0194479261
    0.0148279023
    0.0155549148
    0.0162613481
    0.0168036095
    0.0170796557
    0.0170745253
    0.0168684075
    0.0166242021
    0.0165295000
    0.0104884185
    0.0125416546
    0.0138369481
    0.0145533118
    0.0147124403
    0.0143471209
    0.0134916349
    0.0098947676
    0.0112628567
    0.0113510049
    0.0101823716
    0.0071469978
    0.0107221563
    0.0130746928
    0.0147795573
    0.0152882073
    0.0143090242
    0.0157430520
    0.0172793019
    0.0184189782
    0.0191891356
    0.0194878630
    0.0179328308
    0.0189062479
    0.0199404682
    0.0209777967
    0.0220717753
    0.0234671637
    0.0209650265
    0.0203919115
    0.0207280921
    0.0214719535
    0.0224226465
    0.0236079179
    0.0254011080
    0.0223676777
    0.0215655164
    0.0218224640
    0.0225486000
    0.0235557921
    0.0249718258
    0.0223676777
    0.0215655164
    0.0218224640
    0.0225486000
    0.0235557921
    0.0249718258
    0.0209650265
    0.0203919115
    0.0207280921
    0.0214719535
    0.0224226465
    0.0236079179
    0.0254011080
    0.0179328308
    0.0189062479
    0.0199404682
    0.0209777967
    0.0220717753
    0.0234671637
    0.0157430520
    0.0172793019
    0.0184189782
    0.0191891356
    0.0194878630
    0.0130746928
    0.0147795573
    0.0152882073
    0.0143090242
    0.0107221563
    0.0118031906
    0.0129547250
    0.0145964035
    0.0142153552
    0.0127007959
    0.0193195194
    0.0179320800
    0.0158185709
    0.0136277188
    0.0117741350
    0.0203603901
    0.0174198028
    0.0148611073
    0.0126256053
    0.0109773806
    0.0229412207
    0.0193012155
    0.0164336722
    0.0139540021
    0.0118153759
    0.0228568551
    0.0191610428
    0.0162566380
    0.0137394233
    0.0115523152
    0.0228568551
    0.0191610428
    0.0162566380
    0.0137394233
    0.0115523152
    0.0229412207
    0.0193012155
    0.0164336722
    0.0139540021
    0.0118153759
    0.0203603901
    0.0174198028
    0.0148611073
    0.0126256053
    0.0109773806
    0.0193195194
    0.0179320800
    0.0158185709
    0.0136277188
    0.0117741350
    0.0129547250
    0.0145964035
    0.0142153552
    0.0127007959
    0.0118031906
    0.0014818068
   -0.0022040965
    0.0039099260
    0.0022084042
   -0.0012168283
   -0.0063164261
   -0.0140747993
    0.0077420413
    0.0069926694
    0.0060028573
    0.0044996125
    0.0035841000
    0.0004778681
   -0.0039978428
   -0.0104065355
   -0.0194785994
    0.0090375554
    0.0085123613
    0.0079427076
    0.0070745782
    0.0056945036
    0.0050241927
    0.0022513351
   -0.0015895691
   -0.0066855125
   -0.0129491806
    0.0100945788
    0.0096554130
    0.0093500814
    0.0089255009
    0.0081804649
    0.0069379952
    0.0062605375
    0.0036864882
    0.0002616818
   -0.0038280685
   -0.0077629983
   -0.0095518826
    0.0104997230
    0.0102592105
    0.0101091096
    0.0099929421
    0.0097340308
    0.0091406588
    0.0080355708
    0.0071679437
    0.0047908575
    0.0018621214
   -0.0009203945
   -0.0021654342
   -0.0005492998
    0.0031566404
    0.0061845895
    0.0075565620
    0.0083629124
    0.0091041458
    0.0096498120
    0.0099718836
    0.0101416368
    0.0101147306
    0.0097302878
    0.0087987535
    0.0077040262
    0.0055309174
    0.0033842826
    0.0026292316
    0.0039512117
    0.0059920246
    0.0074897381
    0.0085764226
    0.0093710726
    0.0098195023
    0.0098212893
    0.0091732462
    0.0078876583
    0.0060687926
    0.0060510687
    0.0075793989
    0.0088129063
    0.0090645665
    0.0077964820
    0.0077964820
    0.0078876583
    0.0060687926
    0.0060510687
    0.0075793989
    0.0088129063
    0.0090645665
    0.0077040262
    0.0055309174
    0.0033842826
    0.0026292316
    0.0039512117
    0.0059920246
    0.0074897381
    0.0085764226
    0.0093710726
    0.0098195023
    0.0098212893
    0.0091732462
    0.0071679437
    0.0047908575
    0.0018621214
   -0.0009203945
   -0.0021654342
   -0.0005492998
    0.0031566404
    0.0061845895
    0.0075565620
    0.0083629124
    0.0091041458
    0.0096498120
    0.0099718836
    0.0101416368
    0.0101147306
    0.0097302878
    0.0087987535
    0.0062605375
    0.0036864882
    0.0002616818
   -0.0038280685
   -0.0077629983
   -0.0095518826
    0.0104997230
    0.0102592105
    0.0101091096
    0.0099929421
    0.0097340308
    0.0091406588
    0.0080355708
    0.0050241927
    0.0022513351
   -0.0015895691
   -0.0066855125
   -0.0129491806
    0.0100945788
    0.0096554130
    0.0093500814
    0.0089255009
    0.0081804649
    0.0069379952
    0.0035841000
    0.0004778681
   -0.0039978428
   -0.0104065355
   -0.0194785994
    0.0090375554
    0.0085123613
    0.0079427076
    0.0070745782
    0.0056945036
    0.0022084042
   -0.0012168283
   -0.0063164261
   -0.0140747993
    0.0077420413
    0.0069926694
    0.0060028573
    0.0044996125
    0.0014818068
   -0.0022040965
    0.0039099260
   -0.0092172266
   -0.0102178156
   -0.0100605635
   -0.0087963196
   -0.0081662691
   -0.0085269415
   -0.0092872007
   -0.0112581401
   -0.0117000232
   -0.0109933522
   -0.0095371289
   -0.0079897065
   -0.0070282163
   -0.0070132260
   -0.0075827056
   -0.0080870816
   -0.0084901480
   -0.0090754890
   -0.0100736109
   -0.0125354350
   -0.0134069556
   -0.0131233185
   -0.0119718973
   -0.0103338402
   -0.0085102429
   -0.0068050693
   -0.0055795528
   -0.0051734241
   -0.0056846789
   -0.0067437904
   -0.0076578822
   -0.0080518124
   -0.0081923722
   -0.0083804283
   -0.0086613336
   -0.0093710780
   -0.0108536140
   -0.0144551316
   -0.0157787100
   -0.0155824475
   -0.0143737560
   -0.0126561724
   -0.0106957435
   -0.0086213792
   -0.0065622108
   -0.0047191260
   -0.0033740866
   -0.0028470986
   -0.0033697965
   -0.0048570703
   -0.0086539607
   -0.0085443903
   -0.0084527958
   -0.0083997001
   -0.0092510046
   -0.0118310886
   -0.0177998253
   -0.0195636865
   -0.0191510038
   -0.0175083459
   -0.0154082309
   -0.0132040800
   -0.0109780439
   -0.0087232201
   -0.0064526689
   -0.0042442265
   -0.0022506101
   -0.0006989978
    0.0001126174
   -0.0001428196
   -0.0247588973
   -0.0220445649
   -0.0190299139
   -0.0161969375
   -0.0136116345
   -0.0111840431
   -0.0088089992
   -0.0064252910
   -0.0040321996
   -0.0016868929
    0.0005021021
    0.0023718974
    0.0036815704
   -0.0236375171
   -0.0195817146
   -0.0162391519
   -0.0133853203
   -0.0107953008
   -0.0083017999
   -0.0058065773
   -0.0032735108
   -0.0007143255
    0.0018271087
    0.0042853160
    0.0065665007
   -0.0292519161
   -0.0233456745
   -0.0188891536
   -0.0153886831
   -0.0124441309
   -0.0097703507
   -0.0071828170
   -0.0045768546
   -0.0019060561
    0.0008400636
    0.0036599684
    0.0065660228
    0.0096106902
   -0.0270061725
   -0.0212752823
   -0.0170519397
   -0.0137030956
   -0.0108117156
   -0.0081115063
   -0.0054418173
   -0.0027147809
    0.0001125980
    0.0030669672
    0.0061937051
    0.0096091752
   -0.0296436769
   -0.0228774884
   -0.0180899010
   -0.0144275754
   -0.0113616739
   -0.0085636605
   -0.0058345566
   -0.0030606518
   -0.0001802299
    0.0028481557
    0.0060846683
    0.0096700025
    0.0139498782
   -0.0313161149
   -0.0240153912
   -0.0189264644
   -0.0150998239
   -0.0119566668
   -0.0091387708
   -0.0064269204
   -0.0036925426
   -0.0008637388
    0.0021048939
    0.0052671443
    0.0087377222
    0.0127941093
   -0.0296436769
   -0.0228774884
   -0.0180899010
   -0.0144275754
   -0.0113616739
   -0.0085636605
   -0.0058345566
   -0.0030606518
   -0.0001802299
    0.0028481557
    0.0060846683
    0.0096700025
    0.0139498782
   -0.0270061725
   -0.0212752823
   -0.0170519397
   -0.0137030956
   -0.0108117156
   -0.0081115063
   -0.0054418173
   -0.0027147809
    0.0001125980
    0.0030669672
    0.0061937051
    0.0096091752
   -0.0292519161
   -0.0233456745
   -0.0188891536
   -0.0153886831
   -0.0124441309
   -0.0097703507
   -0.0071828170
   -0.0045768546
   -0.0019060561
    0.0008400636
    0.0036599684
    0.0065660228
    0.0096106902
   -0.0236375171
   -0.0195817146
   -0.0162391519
   -0.0133853203
   -0.0107953008
   -0.0083017999
   -0.0058065773
   -0.0032735108
   -0.0007143255
    0.0018271087
    0.0042853160
    0.0065665007
   -0.0247588973
   -0.0220445649
   -0.0190299139
   -0.0161969375
   -0.0136116345
   -0.0111840431
   -0.0088089992
   -0.0064252910
   -0.0040321996
   -0.0016868929
    0.0005021021
    0.0023718974
    0.0036815704
   -0.0177998253
   -0.0195636865
   -0.0191510038
   -0.0175083459
   -0.0154082309
   -0.0132040800
   -0.0109780439
   -0.0087232201
   -0.0064526689
   -0.0042442265
   -0.0022506101
   -0.0006989978
    0.0001126174
   -0.0001428196
   -0.0144551316
   -0.0157787100
   -0.0155824475
   -0.0143737560
   -0.0126561724
   -0.0106957435
   -0.0086213792
   -0.0065622108
   -0.0047191260
   -0.0033740866
   -0.0028470986
   -0.0033697965
   -0.0048570703
   -0.0086539607
   -0.0085443903
   -0.0084527958
   -0.0083997001
   -0.0092510046
   -0.0118310886
   -0.0125354350
   -0.0134069556
   -0.0131233185
   -0.0119718973
   -0.0103338402
   -0.0085102429
   -0.0068050693
   -0.0055795528
   -0.0051734241
   -0.0056846789
   -0.0067437904
   -0.0076578822
   -0.0080518124
   -0.0081923722
   -0.0083804283
   -0.0086613336
   -0.0093710780
   -0.0108536140
   -0.0112581401
   -0.0117000232
   -0.0109933522
   -0.0095371289
   -0.0079897065
   -0.0070282163
   -0.0070132260
   -0.0075827056
   -0.0080870816
   -0.0084901480
   -0.0090754890
   -0.0100736109
   -0.0102178156
   -0.0100605635
   -0.0087963196
   -0.0081662691
   -0.0085269415
   -0.0092872007
   -0.0092172266
   -0.0068768481
   -0.0049319096
   -0.0046431692
   -0.0065252816
   -0.0082216992
   -0.0023242865
   -0.0013081082
   -0.0017994520
   -0.0034964001
    0.0009272752
    0.0022047587
    0.0023974517
    0.0016163233
    0.0001131876
    0.0053257283
    0.0065164396
    0.0067367560
    0.0060703760
    0.0048377055
    0.0033117235
    0.0082387515
    0.0096732266
    0.0083393017
    0.0124155871
    0.0179307871
    0.0179307871
    0.0124155871
    0.0082387515
    0.0096732266
    0.0083393017
    0.0053257283
    0.0065164396
    0.0067367560
    0.0060703760
    0.0048377055
    0.0033117235
    0.0009272752
    0.0022047587
    0.0023974517
    0.0016163233
    0.0001131876
   -0.0023242865
   -0.0013081082
   -0.0017994520
   -0.0034964001
   -0.0049319096
   -0.0046431692
   -0.0065252816
   -0.0082216992
   -0.0068768481
   -0.0057245529
   -0.0068963235
   -0.0078501076
   -0.0065476974
   -0.0040864059
   -0.0031158092
   -0.0045247411
   -0.0041483709
   -0.0018365564
   -0.0004203876
   -0.0001021036
   -0.0009194215
   -0.0028364580
   -0.0008593753
    0.0010547284
    0.0024341255
    0.0031932113
    0.0032672123
    0.0027181876
    0.0015653262
    0.0037881881
    0.0051779694
    0.0063118256
    0.0069768599
    0.0070521631
    0.0066699158
    0.0060366259
    0.0073448089
    0.0083129640
    0.0101823768
    0.0098083958
    0.0116385775
    0.0138230282
    0.0116385775
    0.0138230282
    0.0073448089
    0.0083129640
    0.0101823768
    0.0098083958
    0.0037881881
    0.0051779694
    0.0063118256
    0.0069768599
    0.0070521631
    0.0066699158
    0.0060366259
   -0.0008593753
    0.0010547284
    0.0024341255
    0.0031932113
    0.0032672123
    0.0027181876
    0.0015653262
   -0.0041483709
   -0.0018365564
   -0.0004203876
   -0.0001021036
   -0.0009194215
   -0.0028364580
   -0.0068963235
   -0.0078501076
   -0.0065476974
   -0.0040864059
   -0.0031158092
   -0.0045247411
   -0.0057245529
   -0.0047365383
   -0.0040869601
   -0.0067641299
   -0.0070719108
   -0.0051518472
   -0.0024529743
   -0.0018532867
   -0.0027630672
   -0.0023565511
    0.0001954968
    0.0015717710
    0.0015343882
    0.0000280535
    0.0032690657
    0.0047921094
    0.0055522922
    0.0054038021
    0.0043261042
    0.0024877951
    0.0061627366
    0.0077928465
    0.0090904015
    0.0098715096
    0.0098934137
    0.0090902856
    0.0077067546
    0.0109252280
    0.0139058473
    0.0139058473
    0.0109252280
    0.0061627366
    0.0077928465
    0.0090904015
    0.0098715096
    0.0098934137
    0.0090902856
    0.0077067546
    0.0032690657
    0.0047921094
    0.0055522922
    0.0054038021
    0.0043261042
    0.0024877951
   -0.0027630672
   -0.0023565511
    0.0001954968
    0.0015717710
    0.0015343882
    0.0000280535
   -0.0040869601
   -0.0067641299
   -0.0070719108
   -0.0051518472
   -0.0024529743
   -0.0018532867
   -0.0047365383
   -0.0076605835
   -0.0060494158
   -0.0069529567
   -0.0051225347
   -0.0018012450
    0.0022350797
    0.0022350797
   -0.0018012450
   -0.0060494158
   -0.0069529567
   -0.0051225347
   -0.0076605835
   -0.0030489657
   -0.0028128278
   -0.0070954649
   -0.0068729816
   -0.0039803818
   -0.0002751722
    0.0009209922
   -0.0029643093
   -0.0091650656
   -0.0126407247
   -0.0125904155
   -0.0104867088
    0.0015652815
    0.0030002862
    0.0030002862
   -0.0029643093
   -0.0091650656
   -0.0126407247
   -0.0125904155
   -0.0104867088
    0.0015652815
   -0.0028128278
   -0.0070954649
   -0.0068729816
   -0.0039803818
   -0.0002751722
    0.0009209922
   -0.0030489657
    0.0051199357
    0.0066809949
    0.0042267028
    0.0064109728
    0.0080579970
    0.0087625062
    0.0080766998
    0.0101757444
    0.0106967621
    0.0102676349
    0.0096575560
    0.0102455369
    0.0093939055
    0.0096279033
    0.0087312135
    0.0092036154
    0.0080747300
    0.0074765371
   -0.0143354312
    0.0086270211
    0.0074456736
    0.0066755706
    0.0060898759
    0.0001797509
   -0.0031023334
   -0.0078352024
   -0.0147306943
    0.0083290438
    0.0071592443
    0.0063419531
    0.0056629461
    0.0049247186
    0.0039207535
    0.0024229579
   -0.0143354312
    0.0086270211
    0.0074456736
    0.0066755706
    0.0060898759
    0.0092036154
    0.0080747300
    0.0074765371
    0.0096279033
    0.0087312135
    0.0102455369
    0.0093939055
    0.0080766998
    0.0101757444
    0.0106967621
    0.0102676349
    0.0096575560
    0.0042267028
    0.0064109728
    0.0080579970
    0.0087625062
    0.0051199357
    0.0066809949
   -0.0161654997
   -0.0175839767
   -0.0206160575
   -0.0193753969
   -0.0191670417
   -0.0228124398
   -0.0243725178
   -0.0240933925
   -0.0220899367
   -0.0185298565
   -0.0135346714
   -0.0209011840
   -0.0245044987
   -0.0265914811
   -0.0275047370
   -0.0274386999
   -0.0264088193
   -0.0243394422
   -0.0154505725
   -0.0227401305
   -0.0262351209
   -0.0284037875
   -0.0296115104
   -0.0301027395
   -0.0299770817
   -0.0291936303
   -0.0276186788
   -0.0174436682
   -0.0245711376
   -0.0279001614
   -0.0300192392
   -0.0312797610
   -0.0319353845
   -0.0321299016
   -0.0318847955
   -0.0311033165
   -0.0295932786
   -0.0195458181
   -0.0262149662
   -0.0292673289
   -0.0312699600
   -0.0325133987
   -0.0332261071
   -0.0335637868
   -0.0335947318
   -0.0332902555
   -0.0325222699
   -0.0217365849
   -0.0274641615
   -0.0303522518
   -0.0322651967
   -0.0334604472
   -0.0341552837
   -0.0345089488
   -0.0346054765
   -0.0344404669
   -0.0339115988
   -0.0328055644
   -0.0233092603
   -0.0281398061
   -0.0309308371
   -0.0327900822
   -0.0339539006
   -0.0346319653
   -0.0349837583
   -0.0350996905
   -0.0349865079
   -0.0345554918
   -0.0336060050
   -0.0241815763
   -0.0281398061
   -0.0309308371
   -0.0327900822
   -0.0339539006
   -0.0346319653
   -0.0349837583
   -0.0350996905
   -0.0349865079
   -0.0345554918
   -0.0336060050
   -0.0241815763
   -0.0274641615
   -0.0303522518
   -0.0322651967
   -0.0334604472
   -0.0341552837
   -0.0345089488
   -0.0346054765
   -0.0344404669
   -0.0339115988
   -0.0328055644
   -0.0233092603
   -0.0262149662
   -0.0292673289
   -0.0312699600
   -0.0325133987
   -0.0332261071
   -0.0335637868
   -0.0335947318
   -0.0332902555
   -0.0325222699
   -0.0217365849
   -0.0245711376
   -0.0279001614
   -0.0300192392
   -0.0312797610
   -0.0319353845
   -0.0321299016
   -0.0318847955
   -0.0311033165
   -0.0295932786
   -0.0195458181
   -0.0227401305
   -0.0262351209
   -0.0284037875
   -0.0296115104
   -0.0301027395
   -0.0299770817
   -0.0291936303
   -0.0276186788
   -0.0174436682
   -0.0209011840
   -0.0245044987
   -0.0265914811
   -0.0275047370
   -0.0274386999
   -0.0264088193
   -0.0243394422
   -0.0154505725
   -0.0191670417
   -0.0228124398
   -0.0243725178
   -0.0240933925
   -0.0220899367
   -0.0185298565
   -0.0135346714
   -0.0175839767
   -0.0206160575
   -0.0193753969
   -0.0161654997
    0.0078121134
    0.0086260183
    0.0081593597
    0.0095584562
    0.0108111615
    0.0114302361
    0.0113887051
    0.0106465819
    0.0111106041
    0.0122483647
    0.0130968853
    0.0135936360
    0.0137166548
    0.0134768823
    0.0128962031
    0.0119442440
    0.0129963865
    0.0138694049
    0.0146067314
    0.0151109649
    0.0153480400
    0.0153332132
    0.0151263743
    0.0148273164
    0.0145550144
    0.0142644311
    0.0149524197
    0.0155933076
    0.0160789972
    0.0163676965
    0.0164659413
    0.0164259044
    0.0163537508
    0.0164308691
    0.0169649048
    0.0147004331
    0.0152738691
    0.0159012752
    0.0164299798
    0.0167928920
    0.0169780607
    0.0170205468
    0.0170087517
    0.0171074110
    0.0176147750
    0.0147004331
    0.0152738691
    0.0159012752
    0.0164299798
    0.0167928920
    0.0169780607
    0.0170205468
    0.0170087517
    0.0171074110
    0.0176147750
    0.0142644311
    0.0149524197
    0.0155933076
    0.0160789972
    0.0163676965
    0.0164659413
    0.0164259044
    0.0163537508
    0.0164308691
    0.0169649048
    0.0129963865
    0.0138694049
    0.0146067314
    0.0151109649
    0.0153480400
    0.0153332132
    0.0151263743
    0.0148273164
    0.0145550144
    0.0111106041
    0.0122483647
    0.0130968853
    0.0135936360
    0.0137166548
    0.0134768823
    0.0128962031
    0.0119442440
    0.0095584562
    0.0108111615
    0.0114302361
    0.0113887051
    0.0106465819
    0.0078121134
    0.0086260183
    0.0081593597
    0.0074431366
    0.0086028774
    0.0087071035
    0.0095142324
    0.0106637347
    0.0112858007
    0.0114527564
    0.0111835681
    0.0104301227
    0.0117358538
    0.0124453123
    0.0129871905
    0.0133480646
    0.0135110037
    0.0134911476
    0.0133346802
    0.0130791724
    0.0139917290
    0.0140862132
    0.0143563044
    0.0146553435
    0.0148889271
    0.0150216767
    0.0150767826
    0.0151367545
    0.0153425197
    0.0162185612
    0.0155321558
    0.0154088481
    0.0155334129
    0.0157270333
    0.0158975011
    0.0160173752
    0.0161169087
    0.0162890442
    0.0167079540
    0.0176716278
    0.0183426882
    0.0166818629
    0.0160981079
    0.0160110895
    0.0161270360
    0.0162909998
    0.0164331424
    0.0165476034
    0.0166894400
    0.0169877958
    0.0176833562
    0.0192276113
    0.0183426882
    0.0166818629
    0.0160981079
    0.0160110895
    0.0161270360
    0.0162909998
    0.0164331424
    0.0165476034
    0.0166894400
    0.0169877958
    0.0176833562
    0.0192276113
    0.0162185612
    0.0155321558
    0.0154088481
    0.0155334129
    0.0157270333
    0.0158975011
    0.0160173752
    0.0161169087
    0.0162890442
    0.0167079540
    0.0176716278
    0.0139917290
    0.0140862132
    0.0143563044
    0.0146553435
    0.0148889271
    0.0150216767
    0.0150767826
    0.0151367545
    0.0153425197
    0.0117358538
    0.0124453123
    0.0129871905
    0.0133480646
    0.0135110037
    0.0134911476
    0.0133346802
    0.0130791724
    0.0095142324
    0.0106637347
    0.0112858007
    0.0114527564
    0.0111835681
    0.0104301227
    0.0074431366
    0.0086028774
    0.0087071035
    0.0115619062
    0.0118794505
    0.0123414670
    0.0136575933
    0.0145362789
    0.0150087088
    0.0149180053
    0.0145052783
    0.0153959383
    0.0161939591
    0.0169249894
    0.0176038318
    0.0166289771
    0.0170789844
    0.0176915010
    0.0184130283
    0.0192751487
    0.0204333577
    0.0185723477
    0.0181093397
    0.0182350828
    0.0186783367
    0.0193257414
    0.0201916389
    0.0214627170
    0.0192907017
    0.0187928013
    0.0189163388
    0.0193759021
    0.0200755034
    0.0210786311
    0.0192907017
    0.0187928013
    0.0189163388
    0.0193759021
    0.0200755034
    0.0210786311
    0.0185723477
    0.0181093397
    0.0182350828
    0.0186783367
    0.0193257414
    0.0201916389
    0.0214627170
    0.0166289771
    0.0170789844
    0.0176915010
    0.0184130283
    0.0192751487
    0.0204333577
    0.0145052783
    0.0153959383
    0.0161939591
    0.0169249894
    0.0176038318
    0.0123414670
    0.0136575933
    0.0145362789
    0.0150087088
    0.0149180053
    0.0115619062
    0.0118794505
    0.0116422170
    0.0117364481
    0.0108894978
    0.0147188430
    0.0143233158
    0.0130515011
    0.0115991500
    0.0176878806
    0.0157346552
    0.0138553786
    0.0121531098
    0.0107392567
    0.0177876087
    0.0153820855
    0.0133568646
    0.0116149194
    0.0102067388
    0.0194388550
    0.0166607744
    0.0144467074
    0.0125577084
    0.0109233883
    0.0192086702
    0.0164520694
    0.0142476865
    0.0123574483
    0.0107089050
    0.0192086702
    0.0164520694
    0.0142476865
    0.0123574483
    0.0107089050
    0.0194388550
    0.0166607744
    0.0144467074
    0.0125577084
    0.0109233883
    0.0177876087
    0.0153820855
    0.0133568646
    0.0116149194
    0.0102067388
    0.0176878806
    0.0157346552
    0.0138553786
    0.0121531098
    0.0107392567
    0.0147188430
    0.0143233158
    0.0130515011
    0.0115991500
    0.0116422170
    0.0117364481
    0.0108894978
    0.0004434436
    0.0026604723
    0.0008821958
   -0.0020427621
   -0.0061877876
   -0.0122055732
    0.0063503730
    0.0055227663
    0.0044494793
    0.0029644598
    0.0017538348
   -0.0009195859
   -0.0046100193
   -0.0097441375
   -0.0169849794
    0.0074665481
    0.0068253974
    0.0060777950
    0.0050782434
    0.0036881006
    0.0027350056
    0.0002999285
   -0.0029698427
   -0.0073052327
   -0.0129375037
    0.0084839632
    0.0079284943
    0.0073909658
    0.0067264593
    0.0058099996
    0.0045219539
    0.0036545436
    0.0013388177
   -0.0017025955
   -0.0055230156
   -0.0099622150
    0.0094037529
    0.0088457173
    0.0084039617
    0.0079627206
    0.0073905160
    0.0065614501
    0.0053555985
    0.0044199859
    0.0023093145
   -0.0003467136
   -0.0033855086
   -0.0062972270
   -0.0080500994
    0.0089915389
    0.0088146452
    0.0085745099
    0.0082661992
    0.0078059274
    0.0070834467
    0.0059877803
    0.0049870779
    0.0029442708
    0.0005561252
   -0.0016237701
   -0.0026304650
   -0.0016539087
    0.0008405161
    0.0033013233
    0.0050298275
    0.0063687305
    0.0074257748
    0.0080647191
    0.0083130336
    0.0082932763
    0.0080405652
    0.0074809843
    0.0064959385
    0.0053459851
    0.0034808042
    0.0017347435
    0.0011168590
    0.0021254573
    0.0039084189
    0.0055129306
    0.0067317564
    0.0074780260
    0.0077303367
    0.0075057336
    0.0067347169
    0.0055155908
    0.0039576384
    0.0040132975
    0.0055041667
    0.0066598641
    0.0067035243
    0.0055426285
    0.0055426285
    0.0055155908
    0.0039576384
    0.0040132975
    0.0055041667
    0.0066598641
    0.0067035243
    0.0053459851
    0.0034808042
    0.0017347435
    0.0011168590
    0.0021254573
    0.0039084189
    0.0055129306
    0.0067317564
    0.0074780260
    0.0077303367
    0.0075057336
    0.0067347169
    0.0049870779
    0.0029442708
    0.0005561252
   -0.0016237701
   -0.0026304650
   -0.0016539087
    0.0008405161
    0.0033013233
    0.0050298275
    0.0063687305
    0.0074257748
    0.0080647191
    0.0083130336
    0.0082932763
    0.0080405652
    0.0074809843
    0.0064959385
    0.0044199859
    0.0023093145
   -0.0003467136
   -0.0033855086
   -0.0062972270
   -0.0080500994
    0.0089915389
    0.0088146452
    0.0085745099
    0.0082661992
    0.0078059274
    0.0070834467
    0.0059877803
    0.0036545436
    0.0013388177
   -0.0017025955
   -0.0055230156
   -0.0099622150
    0.0094037529
    0.0088457173
    0.0084039617
    0.0079627206
    0.0073905160
    0.0065614501
    0.0053555985
    0.0027350056
    0.0002999285
   -0.0029698427
   -0.0073052327
   -0.0129375037
    0.0084839632
    0.0079284943
    0.0073909658
    0.0067264593
    0.0058099996
    0.0045219539
    0.0017538348
   -0.0009195859
   -0.0046100193
   -0.0097441375
   -0.0169849794
    0.0074665481
    0.0068253974
    0.0060777950
    0.0050782434
    0.0036881006
    0.0008821958
   -0.0020427621
   -0.0061877876
   -0.0122055732
    0.0063503730
    0.0055227663
    0.0044494793
    0.0029644598
    0.0004434436
    0.0026604723
   -0.0077325907
   -0.0086350188
   -0.0084963268
   -0.0074062980
   -0.0068098922
   -0.0070903387
   -0.0077949045
   -0.0095932111
   -0.0099545611
   -0.0093447376
   -0.0081152269
   -0.0068134345
   -0.0059552282
   -0.0058133911
   -0.0061811949
   -0.0066188505
   -0.0070232437
   -0.0076041494
   -0.0085556973
   -0.0107417417
   -0.0114506329
   -0.0112143488
   -0.0102487625
   -0.0088769029
   -0.0073683668
   -0.0059671690
   -0.0049283778
   -0.0044773737
   -0.0046817509
   -0.0053237804
   -0.0059842700
   -0.0063863502
   -0.0065939112
   -0.0067953698
   -0.0071648349
   -0.0079793251
   -0.0093415812
   -0.0123246235
   -0.0133695853
   -0.0133357299
   -0.0124924187
   -0.0111835486
   -0.0096455635
   -0.0080148471
   -0.0063935089
   -0.0048996256
   -0.0036864587
   -0.0029325505
   -0.0027951572
   -0.0033153624
   -0.0043143533
   -0.0054004802
   -0.0061698999
   -0.0064848457
   -0.0065182028
   -0.0064796249
   -0.0064240050
   -0.0064457659
   -0.0069327050
   -0.0083022304
   -0.0103778360
   -0.0147756348
   -0.0161782544
   -0.0161248440
   -0.0150876007
   -0.0135557550
   -0.0118319236
   -0.0100489359
   -0.0082522585
   -0.0064682313
   -0.0047423287
   -0.0031551790
   -0.0018273302
   -0.0009180524
   -0.0006084841
   -0.0010408664
   -0.0201720526
   -0.0186180694
   -0.0165717789
   -0.0144375670
   -0.0123700838
   -0.0103891618
   -0.0084668351
   -0.0065762394
   -0.0047136250
   -0.0029053623
   -0.0012091145
    0.0002834946
    0.0014381364
    0.0020682367
   -0.0233763981
   -0.0202892420
   -0.0173588399
   -0.0147342505
   -0.0123884832
   -0.0102364416
   -0.0081931376
   -0.0061976124
   -0.0042193682
   -0.0022565447
   -0.0003314631
    0.0015114611
    0.0031991698
    0.0046075830
   -0.0252251921
   -0.0210732476
   -0.0176120358
   -0.0147198709
   -0.0122302432
   -0.0099918056
   -0.0078879254
   -0.0058393327
   -0.0037997369
   -0.0017484289
    0.0003181417
    0.0023938648
    0.0044660140
    0.0065063260
   -0.0251106988
   -0.0205366570
   -0.0169312680
   -0.0139933779
   -0.0114825966
   -0.0092208632
   -0.0070836887
   -0.0049894094
   -0.0028883473
   -0.0007518977
    0.0014387971
    0.0037046850
    0.0060803058
    0.0086209698
   -0.0231430375
   -0.0187948597
   -0.0153969504
   -0.0126034408
   -0.0101718296
   -0.0079354996
   -0.0057832547
   -0.0036435448
   -0.0014710133
    0.0007665488
    0.0031025269
    0.0055889565
    0.0083195495
   -0.0248870282
   -0.0199769887
   -0.0162399298
   -0.0132388490
   -0.0106797793
   -0.0083649796
   -0.0061630493
   -0.0039884682
   -0.0017857499
    0.0004849842
    0.0028635954
    0.0054096962
    0.0082315134
    0.0115328353
   -0.0260203470
   -0.0208280377
   -0.0169152621
   -0.0138080757
   -0.0111909358
   -0.0088521427
   -0.0066503775
   -0.0044927335
   -0.0023185076
   -0.0000851790
    0.0022460989
    0.0047283455
    0.0074544141
    0.0105990808
   -0.0248870282
   -0.0199769887
   -0.0162399298
   -0.0132388490
   -0.0106797793
   -0.0083649796
   -0.0061630493
   -0.0039884682
   -0.0017857499
    0.0004849842
    0.0028635954
    0.0054096962
    0.0082315134
    0.0115328353
   -0.0231430375
   -0.0187948597
   -0.0153969504
   -0.0126034408
   -0.0101718296
   -0.0079354996
   -0.0057832547
   -0.0036435448
   -0.0014710133
    0.0007665488
    0.0031025269
    0.0055889565
    0.0083195495
   -0.0251106988
   -0.0205366570
   -0.0169312680
   -0.0139933779
   -0.0114825966
   -0.0092208632
   -0.0070836887
   -0.0049894094
   -0.0028883473
   -0.0007518977
    0.0014387971
    0.0037046850
    0.0060803058
    0.0086209698
   -0.0252251921
   -0.0210732476
   -0.0176120358
   -0.0147198709
   -0.0122302432
   -0.0099918056
   -0.0078879254
   -0.0058393327
   -0.0037997369
   -0.0017484289
    0.0003181417
    0.0023938648
    0.0044660140
    0.0065063260
   -0.0233763981
   -0.0202892420
   -0.0173588399
   -0.0147342505
   -0.0123884832
   -0.0102364416
   -0.0081931376
   -0.0061976124
   -0.0042193682
   -0.0022565447
   -0.0003314631
    0.0015114611
    0.0031991698
    0.0046075830
   -0.0201720526
   -0.0186180694
   -0.0165717789
   -0.0144375670
   -0.0123700838
   -0.0103891618
   -0.0084668351
   -0.0065762394
   -0.0047136250
   -0.0029053623
   -0.0012091145
    0.0002834946
    0.0014381364
    0.0020682367
   -0.0147756348
   -0.0161782544
   -0.0161248440
   -0.0150876007
   -0.0135557550
   -0.0118319236
   -0.0100489359
   -0.0082522585
   -0.0064682313
   -0.0047423287
   -0.0031551790
   -0.0018273302
   -0.0009180524
   -0.0006084841
   -0.0010408664
   -0.0123246235
   -0.0133695853
   -0.0133357299
   -0.0124924187
   -0.0111835486
   -0.0096455635
   -0.0080148471
   -0.0063935089
   -0.0048996256
   -0.0036864587
   -0.0029325505
   -0.0027951572
   -0.0033153624
   -0.0043143533
   -0.0054004802
   -0.0061698999
   -0.0064848457
   -0.0065182028
   -0.0064796249
   -0.0064240050
   -0.0064457659
   -0.0069327050
   -0.0083022304
   -0.0103778360
   -0.0107417417
   -0.0114506329
   -0.0112143488
   -0.0102487625
   -0.0088769029
   -0.0073683668
   -0.0059671690
   -0.0049283778
   -0.0044773737
   -0.0046817509
   -0.0053237804
   -0.0059842700
   -0.0063863502
   -0.0065939112
   -0.0067953698
   -0.0071648349
   -0.0079793251
   -0.0093415812
   -0.0095932111
   -0.0099545611
   -0.0093447376
   -0.0081152269
   -0.0068134345
   -0.0059552282
   -0.0058133911
   -0.0061811949
   -0.0066188505
   -0.0070232437
   -0.0076041494
   -0.0085556973
   -0.0086350188
   -0.0084963268
   -0.0074062980
   -0.0068098922
   -0.0070903387
   -0.0077949045
   -0.0077325907
   -0.0036489282
   -0.0048542709
   -0.0014703274
   -0.0015634449
   -0.0025586160
    0.0007660843
    0.0011375859
    0.0008080246
   -0.0000719764
    0.0025287761
    0.0035676914
    0.0039380646
    0.0037164097
    0.0030568650
    0.0020939887
    0.0056759083
    0.0066331830
    0.0069894018
    0.0068002329
    0.0062324827
    0.0054748911
    0.0090916871
    0.0083583734
    0.0111020954
    0.0107022970
    0.0132612201
    0.0150882094
    0.0150882094
    0.0132612201
    0.0111020954
    0.0107022970
    0.0090916871
    0.0083583734
    0.0056759083
    0.0066331830
    0.0069894018
    0.0068002329
    0.0062324827
    0.0054748911
    0.0025287761
    0.0035676914
    0.0039380646
    0.0037164097
    0.0030568650
    0.0020939887
    0.0007660843
    0.0011375859
    0.0008080246
   -0.0000719764
   -0.0014703274
   -0.0015634449
   -0.0025586160
   -0.0036489282
   -0.0048542709
   -0.0040731852
   -0.0050765456
   -0.0058332919
   -0.0046575054
   -0.0027996481
   -0.0021046276
   -0.0031775537
   -0.0028521682
   -0.0011884397
   -0.0001733086
    0.0000642182
   -0.0005233451
   -0.0019334509
   -0.0006129615
    0.0007799018
    0.0017701067
    0.0023253055
    0.0024160443
    0.0020491797
    0.0012019025
    0.0025362183
    0.0035629807
    0.0043479261
    0.0048256610
    0.0049565837
    0.0047788582
    0.0043454295
    0.0047974561
    0.0056265420
    0.0064167970
    0.0070867839
    0.0076320572
    0.0075029697
    0.0072475160
    0.0069437581
    0.0077824747
    0.0082924258
    0.0098720837
    0.0098349023
    0.0106923454
    0.0108840365
    0.0124052018
    0.0131104604
    0.0150450518
    0.0131104604
    0.0150450518
    0.0106923454
    0.0108840365
    0.0124052018
    0.0077824747
    0.0082924258
    0.0098720837
    0.0098349023
    0.0047974561
    0.0056265420
    0.0064167970
    0.0070867839
    0.0076320572
    0.0075029697
    0.0072475160
    0.0069437581
    0.0025362183
    0.0035629807
    0.0043479261
    0.0048256610
    0.0049565837
    0.0047788582
    0.0043454295
   -0.0006129615
    0.0007799018
    0.0017701067
    0.0023253055
    0.0024160443
    0.0020491797
    0.0012019025
   -0.0028521682
   -0.0011884397
   -0.0001733086
    0.0000642182
   -0.0005233451
   -0.0019334509
   -0.0050765456
   -0.0058332919
   -0.0046575054
   -0.0027996481
   -0.0021046276
   -0.0031775537
   -0.0040731852
   -0.0034765883
   -0.0030247162
   -0.0051393724
   -0.0053639768
   -0.0037194671
   -0.0016985414
   -0.0013042825
   -0.0021700138
   -0.0015545663
    0.0002657410
    0.0012241455
    0.0011442237
   -0.0000267400
    0.0008435696
    0.0024566409
    0.0035244941
    0.0040144839
    0.0038519158
    0.0030097427
    0.0015249264
    0.0044427601
    0.0056289992
    0.0064818372
    0.0069335529
    0.0068796742
    0.0062789850
    0.0052175243
    0.0078204439
    0.0087782191
    0.0095757014
    0.0100794903
    0.0101533516
    0.0097221525
    0.0098985573
    0.0107338075
    0.0127679349
    0.0150727808
    0.0150727808
    0.0127679349
    0.0098985573
    0.0107338075
    0.0078204439
    0.0087782191
    0.0095757014
    0.0100794903
    0.0101533516
    0.0097221525
    0.0044427601
    0.0056289992
    0.0064818372
    0.0069335529
    0.0068796742
    0.0062789850
    0.0052175243
    0.0008435696
    0.0024566409
    0.0035244941
    0.0040144839
    0.0038519158
    0.0030097427
    0.0015249264
   -0.0021700138
   -0.0015545663
    0.0002657410
    0.0012241455
    0.0011442237
   -0.0000267400
   -0.0030247162
   -0.0051393724
   -0.0053639768
   -0.0037194671
   -0.0016985414
   -0.0013042825
   -0.0034765883
   -0.0056054754
   -0.0056085104
   -0.0044767921
   -0.0030543915
   -0.0019919373
    0.0009050138
    0.0009050138
   -0.0030543915
   -0.0019919373
   -0.0056054754
   -0.0056085104
   -0.0044767921
   -0.0036189768
   -0.0033707349
   -0.0065658645
   -0.0065542182
   -0.0042627296
   -0.0013970550
   -0.0005810517
   -0.0033731822
   -0.0077224961
   -0.0103436601
   -0.0106398471
   -0.0093858589
    0.0002612868
   -0.0088303915
    0.0016000353
   -0.0088303915
    0.0016000353
   -0.0033731822
   -0.0077224961
   -0.0103436601
   -0.0106398471
   -0.0093858589
    0.0002612868
   -0.0033707349
   -0.0065658645
   -0.0065542182
   -0.0042627296
   -0.0013970550
   -0.0005810517
   -0.0036189768
    0.0036431717
    0.0052095034
    0.0029082359
    0.0048366194
    0.0063504802
    0.0071723802
    0.0057740625
    0.0075670187
    0.0083308761
    0.0084008570
    0.0082307464
    0.0096614726
    0.0100667449
    0.0094183370
    0.0087591890
    0.0094256252
    0.0085551896
    0.0089046702
    0.0080253654
    0.0083793149
    0.0074745763
    0.0068599863
    0.0081943050
    0.0071673179
    0.0064185498
    0.0058234807
    0.0052537955
   -0.0004617272
   -0.0032318339
   -0.0070249888
   -0.0122410948
    0.0079651999
    0.0069171973
    0.0061222338
    0.0054559990
    0.0047965473
    0.0040178422
    0.0029837640
    0.0015454675
   -0.0004617272
   -0.0032318339
   -0.0070249888
   -0.0122410948
    0.0079651999
    0.0069171973
    0.0061222338
    0.0054559990
    0.0047965473
    0.0040178422
    0.0029837640
    0.0015454675
    0.0081943050
    0.0071673179
    0.0064185498
    0.0058234807
    0.0052537955
    0.0083793149
    0.0074745763
    0.0068599863
    0.0089046702
    0.0080253654
    0.0094256252
    0.0085551896
    0.0096614726
    0.0100667449
    0.0094183370
    0.0087591890
    0.0057740625
    0.0075670187
    0.0083308761
    0.0084008570
    0.0082307464
    0.0029082359
    0.0048366194
    0.0063504802
    0.0071723802
    0.0036431717
    0.0052095034
   -0.0135398042
   -0.0144154073
   -0.0169143165
   -0.0161302918
   -0.0154401923
   -0.0184601363
   -0.0198581432
   -0.0197633103
   -0.0183471375
   -0.0110715493
   -0.0165912599
   -0.0196404004
   -0.0215080225
   -0.0223868048
   -0.0224197000
   -0.0216809135
   -0.0122456075
   -0.0178451764
   -0.0208855681
   -0.0228772235
   -0.0240493863
   -0.0245659029
   -0.0245139285
   -0.0239178871
   -0.0134838640
   -0.0191517740
   -0.0220510121
   -0.0240283007
   -0.0253032226
   -0.0260367324
   -0.0263307799
   -0.0262273891
   -0.0257191118
   -0.0150277446
   -0.0204218887
   -0.0231671777
   -0.0250830914
   -0.0263675211
   -0.0271713456
   -0.0276003803
   -0.0277117330
   -0.0275131113
   -0.0269699543
   -0.0165719224
   -0.0215354326
   -0.0241272757
   -0.0259679048
   -0.0272276262
   -0.0280445757
   -0.0285228263
   -0.0287269365
   -0.0286776896
   -0.0283514690
   -0.0276847854
   -0.0179740768
   -0.0223659745
   -0.0248325486
   -0.0266078784
   -0.0278374166
   -0.0286479818
   -0.0291403888
   -0.0293821370
   -0.0294016081
   -0.0291846276
   -0.0286737048
   -0.0190469404
   -0.0228100383
   -0.0252061846
   -0.0269440163
   -0.0281544561
   -0.0289577429
   -0.0294524450
   -0.0297069437
   -0.0297529421
   -0.0295810480
   -0.0291382179
   -0.0283251596
   -0.0196286829
   -0.0228100383
   -0.0252061846
   -0.0269440163
   -0.0281544561
   -0.0289577429
   -0.0294524450
   -0.0297069437
   -0.0297529421
   -0.0295810480
   -0.0291382179
   -0.0283251596
   -0.0196286829
   -0.0223659745
   -0.0248325486
   -0.0266078784
   -0.0278374166
   -0.0286479818
   -0.0291403888
   -0.0293821370
   -0.0294016081
   -0.0291846276
   -0.0286737048
   -0.0190469404
   -0.0215354326
   -0.0241272757
   -0.0259679048
   -0.0272276262
   -0.0280445757
   -0.0285228263
   -0.0287269365
   -0.0286776896
   -0.0283514690
   -0.0276847854
   -0.0179740768
   -0.0204218887
   -0.0231671777
   -0.0250830914
   -0.0263675211
   -0.0271713456
   -0.0276003803
   -0.0277117330
   -0.0275131113
   -0.0269699543
   -0.0165719224
   -0.0191517740
   -0.0220510121
   -0.0240283007
   -0.0253032226
   -0.0260367324
   -0.0263307799
   -0.0262273891
   -0.0257191118
   -0.0150277446
   -0.0178451764
   -0.0208855681
   -0.0228772235
   -0.0240493863
   -0.0245659029
   -0.0245139285
   -0.0239178871
   -0.0134838640
   -0.0165912599
   -0.0196404004
   -0.0215080225
   -0.0223868048
   -0.0224197000
   -0.0216809135
   -0.0122456075
   -0.0154401923
   -0.0184601363
   -0.0198581432
   -0.0197633103
   -0.0183471375
   -0.0110715493
   -0.0144154073
   -0.0169143165
   -0.0161302918
   -0.0135398042
    0.0080270067
    0.0088407397
    0.0091360713
    0.0089079779
    0.0091661979
    0.0100940623
    0.0107161470
    0.0110346190
    0.0110603285
    0.0108078879
    0.0102675337
    0.0103823023
    0.0112050064
    0.0118464946
    0.0122871059
    0.0125274380
    0.0125888628
    0.0125128030
    0.0123550684
    0.0115011947
    0.0121914502
    0.0127706130
    0.0132056547
    0.0134898495
    0.0136404663
    0.0137004814
    0.0137440551
    0.0138863376
    0.0117551421
    0.0123769838
    0.0129724972
    0.0134765700
    0.0138598546
    0.0141193983
    0.0142764916
    0.0143798418
    0.0145150205
    0.0148247453
    0.0155556134
    0.0118314648
    0.0123947612
    0.0129783542
    0.0134997981
    0.0139183830
    0.0142214457
    0.0144197520
    0.0145484930
    0.0146738699
    0.0149082405
    0.0154435968
    0.0117551421
    0.0123769838
    0.0129724972
    0.0134765700
    0.0138598546
    0.0141193983
    0.0142764916
    0.0143798418
    0.0145150205
    0.0148247453
    0.0155556134
    0.0115011947
    0.0121914502
    0.0127706130
    0.0132056547
    0.0134898495
    0.0136404663
    0.0137004814
    0.0137440551
    0.0138863376
    0.0103823023
    0.0112050064
    0.0118464946
    0.0122871059
    0.0125274380
    0.0125888628
    0.0125128030
    0.0123550684
    0.0091661979
    0.0100940623
    0.0107161470
    0.0110346190
    0.0110603285
    0.0108078879
    0.0102675337
    0.0080270067
    0.0088407397
    0.0091360713
    0.0089079779
    0.0084682818
    0.0091770150
    0.0095338435
    0.0095753617
    0.0092949641
    0.0101616669
    0.0106617644
    0.0110316685
    0.0112700788
    0.0113781359
    0.0113734714
    0.0112789052
    0.0118380546
    0.0119203793
    0.0121061161
    0.0123229940
    0.0125162099
    0.0126609658
    0.0127650403
    0.0128689225
    0.0130430838
    0.0133737503
    0.0138526127
    0.0133083592
    0.0131563558
    0.0132030896
    0.0133297087
    0.0134703458
    0.0136006653
    0.0137332516
    0.0139188591
    0.0142535688
    0.0148931261
    0.0150308904
    0.0141782716
    0.0138569695
    0.0138053995
    0.0138768575
    0.0139916318
    0.0141159705
    0.0142536542
    0.0144459378
    0.0147797265
    0.0154079702
    0.0165966755
    0.0162199074
    0.0148335769
    0.0142283614
    0.0140256662
    0.0140228240
    0.0141070731
    0.0142206878
    0.0143457554
    0.0144992865
    0.0147361714
    0.0151613415
    0.0159582173
    0.0174582910
    0.0150308904
    0.0141782716
    0.0138569695
    0.0138053995
    0.0138768575
    0.0139916318
    0.0141159705
    0.0142536542
    0.0144459378
    0.0147797265
    0.0154079702
    0.0165966755
    0.0138526127
    0.0133083592
    0.0131563558
    0.0132030896
    0.0133297087
    0.0134703458
    0.0136006653
    0.0137332516
    0.0139188591
    0.0142535688
    0.0148931261
    0.0118380546
    0.0119203793
    0.0121061161
    0.0123229940
    0.0125162099
    0.0126609658
    0.0127650403
    0.0128689225
    0.0130430838
    0.0133737503
    0.0101616669
    0.0106617644
    0.0110316685
    0.0112700788
    0.0113781359
    0.0113734714
    0.0112789052
    0.0084682818
    0.0091770150
    0.0095338435
    0.0095753617
    0.0092949641
    0.0117079790
    0.0122867301
    0.0125180705
    0.0122480210
    0.0125510750
    0.0132289741
    0.0138200093
    0.0143431329
    0.0147837380
    0.0141360096
    0.0144255963
    0.0148264208
    0.0153084066
    0.0158608818
    0.0165056677
    0.0157182018
    0.0156423029
    0.0158520538
    0.0162443095
    0.0167847233
    0.0175080843
    0.0169283627
    0.0164394457
    0.0164197875
    0.0166765171
    0.0171287217
    0.0177802245
    0.0187359282
    0.0170180775
    0.0166472059
    0.0166908063
    0.0169881389
    0.0174814782
    0.0181993178
    0.0169283627
    0.0164394457
    0.0164197875
    0.0166765171
    0.0171287217
    0.0177802245
    0.0187359282
    0.0157182018
    0.0156423029
    0.0158520538
    0.0162443095
    0.0167847233
    0.0175080843
    0.0141360096
    0.0144255963
    0.0148264208
    0.0153084066
    0.0158608818
    0.0165056677
    0.0125510750
    0.0132289741
    0.0138200093
    0.0143431329
    0.0147837380
    0.0117079790
    0.0122867301
    0.0125180705
    0.0122480210
    0.0123171666
    0.0119400483
    0.0110192276
    0.0144178169
    0.0130457987
    0.0116828930
    0.0104621283
    0.0159995310
    0.0140994642
    0.0124684287
    0.0110603089
    0.0098820358
    0.0177566068
    0.0153771486
    0.0134853606
    0.0118983503
    0.0105366850
    0.0170577377
    0.0148140685
    0.0130139780
    0.0114878386
    0.0101652269
    0.0165733174
    0.0144546323
    0.0127301407
    0.0112539604
    0.0099661935
    0.0170577377
    0.0148140685
    0.0130139780
    0.0114878386
    0.0101652269
    0.0177566068
    0.0153771486
    0.0134853606
    0.0118983503
    0.0105366850
    0.0159995310
    0.0140994642
    0.0124684287
    0.0110603089
    0.0098820358
    0.0144178169
    0.0130457987
    0.0116828930
    0.0104621283
    0.0123171666
    0.0119400483
    0.0110192276
   -0.0001944336
   -0.0028698930
    0.0032410512
    0.0017745250
    0.0002697075
   -0.0021439716
   -0.0053865631
   -0.0098163192
    0.0053572925
    0.0045148112
    0.0034587020
    0.0020842308
    0.0009565044
   -0.0012947487
   -0.0042658342
   -0.0082073971
   -0.0134710239
    0.0070845592
    0.0064246564
    0.0057519928
    0.0049635689
    0.0039663150
    0.0026660587
    0.0016926844
   -0.0004098513
   -0.0031314822
   -0.0066176494
   -0.0110006828
    0.0073870657
    0.0068009226
    0.0061904353
    0.0054620331
    0.0045285406
    0.0033031596
    0.0023779747
    0.0004060127
   -0.0020876918
   -0.0051341782
   -0.0086435784
    0.0081530252
    0.0076198739
    0.0071184005
    0.0065784678
    0.0059175366
    0.0050520744
    0.0038996130
    0.0029559361
    0.0010932276
   -0.0011833838
   -0.0037537580
   -0.0062690765
   -0.0080495864
    0.0078968553
    0.0076313863
    0.0072778950
    0.0068414076
    0.0062684419
    0.0054822095
    0.0044022087
    0.0033997335
    0.0016198393
   -0.0004136545
   -0.0023251951
   -0.0034644830
   -0.0031882655
    0.0065302241
    0.0069881816
    0.0070561675
    0.0068635967
    0.0064533691
    0.0057863228
    0.0047888569
    0.0037048622
    0.0019694449
    0.0003851172
   -0.0001851122
    0.0007033010
    0.0024000226
    0.0040731294
    0.0053744806
    0.0061059907
    0.0062565111
    0.0059092894
    0.0050664430
    0.0038855722
    0.0024321669
    0.0025210311
    0.0040154586
    0.0051512595
    0.0050926316
    0.0039732746
    0.0039732746
    0.0038855722
    0.0024321669
    0.0025210311
    0.0040154586
    0.0051512595
    0.0050926316
    0.0037048622
    0.0019694449
    0.0003851172
   -0.0001851122
    0.0007033010
    0.0024000226
    0.0040731294
    0.0053744806
    0.0061059907
    0.0062565111
    0.0059092894
    0.0050664430
    0.0033997335
    0.0016198393
   -0.0004136545
   -0.0023251951
   -0.0034644830
   -0.0031882655
    0.0065302241
    0.0069881816
    0.0070561675
    0.0068635967
    0.0064533691
    0.0057863228
    0.0047888569
    0.0029559361
    0.0010932276
   -0.0011833838
   -0.0037537580
   -0.0062690765
   -0.0080495864
    0.0078968553
    0.0076313863
    0.0072778950
    0.0068414076
    0.0062684419
    0.0054822095
    0.0044022087
    0.0023779747
    0.0004060127
   -0.0020876918
   -0.0051341782
   -0.0086435784
    0.0081530252
    0.0076198739
    0.0071184005
    0.0065784678
    0.0059175366
    0.0050520744
    0.0038996130
    0.0016926844
   -0.0004098513
   -0.0031314822
   -0.0066176494
   -0.0110006828
    0.0073870657
    0.0068009226
    0.0061904353
    0.0054620331
    0.0045285406
    0.0033031596
    0.0009565044
   -0.0012947487
   -0.0042658342
   -0.0082073971
   -0.0134710239
    0.0070845592
    0.0064246564
    0.0057519928
    0.0049635689
    0.0039663150
    0.0026660587
    0.0002697075
   -0.0021439716
   -0.0053865631
   -0.0098163192
    0.0053572925
    0.0045148112
    0.0034587020
    0.0020842308
   -0.0001944336
   -0.0028698930
    0.0032410512
    0.0017745250
