Run semi-empirical minimization
 &qmmm
  maxcyc=0  qmcharge=0,
 /
   6     C        0.2650       -1.2150        0.0020 
   6    C1        1.6610       -1.1990        0.0150 
   6    C2        2.3550        0.0120        0.0210 
   6    C3        1.6480        1.2160        0.0160 
   6    C4        0.2530        1.2180        0.0030 
   6    C5       -0.4240       -0.0020       -0.0040 
  17    Cl       -2.1850       -0.0110       -0.0200 
   1     H       -0.2840       -2.1500       -0.0040 
   1    H1        2.2040       -2.1400        0.0190 
   1    H2        3.4410        0.0180        0.0310 
   1    H3        2.1810        2.1630        0.0210 
   1    H4       -0.3070        2.1470       -0.0020 

